1322981
7969689
1892249
4330724
3933545
5169300
9416656
9576283
3565007
7377139
1289129
1443301
9293250
8823920
4591986
2304317
5294578
1136244
1661186
4268907
3303371
8941310
952289
5602008
5234323
3863663
7456987
7354977
3503538
3787510
6356451
1879465
1258408
9621583
1507061
2992781
5292970
3503916
2934997
2878543
1524742
6262317
1424120
1615375
1595891
4609908
1318762
1527967
2957893
1422366
2980043
2835417
4389837
3302777
4162781
2520976
3556395
2328852
2286816
3102212
2733633
1796413
7832041
2487410
6727966
1966343
1127054
1874677
1592716
1235020
2854976
1193762
8159991
3869008
198677
5319314
1123769
592538
1791508
2777185
7615564
3586228
7172344
4716669
4433201
1934977
3259586
217340
7257959
7402079
4749214
2554257
6965944
1310404
2794632
3158997
1450477
97230
41461
1806044
1909824
4439899
3642507
9284808
120900
353162
3686916
1170094
1794433
2553711
1351709
1327031
8234522
4247178
3816794
9340207
1544224
6363162
2752368
4472743
6205062
1890563
6660590
1236140
1241866
2965613
1141588
2997202
2252606
4877333
138505
1377089
7479121
1548867
1833930
7639634
9718858
1784396
1222931
4121264
1260249
6140990
1293793
2815917
2675169
4236739
2719497
1505749
1232882
1997606
6680429
3986265
377273
3668487
7400902
1489196
4479488
1557968
1466699
1495050
2626655
6289129
4973456
3983138
229638
4482927
2684026
3884219
1578662
1645142
1926465
6190415
4527130
6643542
1517582
1255644
232157
2674793
1157679
3688003
232553
5386406
2473930
4261634
2619446
1646051
1877957
2429273
1259214
1733950
1730247
1244002
1129303
7516232
4145573
2546833
1880833
458383
1171555
3348335
1417846
5560285
6908319
3477421
1728197
321090
264891
2722514
1119617
6913214
97900
2612131
2584920
4591382
2228472
1314598
3359423
9336283
5987278
3676278
2312475
4646739
198369
9695005
4434556
5489939
1807003
1914907
1982394
1463311
4862801
4524665
1716498
9891802
2391372
1338682
3168039
248615
7641890
1333602
6628811
1914040
6548987
4858810
9954766
4954399
1973595
4198764
2799622
547195
9671298
1744076
796636
3937552
1969308
2284529
1870287
3627054
9193014
1717365
9275455
2290879
3897270
4698405
1638178
7892645
140130
2935233
1185912
1621801
2828712
9276480
241711
3160206
3158037
141027
1976198
2817313
7706629
9557610
2645263
5821608
2348250
6142764
4564046
1652641
6638386
1679680
4659416
223200
8652998
6214297
1811117
5566831
7221277
1763510
1985740
199700
1142686
2438610
5978820
9869924
2201
7718524
1636234
8438638
7665749
2598530
1787593
6638340
3856401
1694791
2773179
1760636
296478
2955163
2639799
8904689
1782031
1799297
1263547
9616691
436847
6303866
6421535
2506893
4884380
3532110
5965422
3765968
1420181
1926942
4566217
4341874
192405
1267188
6627896
2520647
7682008
1334171
6460399
3437103
4846308
1236759
3178734
3713065
8713894
4837971
4916646
4731907
2226800
1882897
1590840
2861582
3480587
553817
3735944
5939526
2709151
3886645
4682396
8428973
4821899
1561933
3361292
2283154
2398554
1257913
5146579
6641924
1695362
1829398
3643890
7538302
2665781
4928372
3961427
6776374
9634748
5529596
8418661
2456621
3874015
4885794
3686719
1709228
289625
4209788
8484624
3971324
1942070
2866911
325505
7172414
34319
2407865
8420358
9719030
6267554
1448898
1588805
3696152
9867848
6214264
3276501
7389158
6481433
5708642
1801317
1415456
1379451
1930953
9838837
3114456
1246784
3129262
2883344
7729663
2871702
1561007
6482379
3743327
1596609
5782897
8480134
3930882
5201002
2285107
1639491
1902414
1848698
9291503
8708174
3955398
4102612
9757247
3266025
5214597
197848
1732176
1917076
5404120
1393794
247874
2919317
8261228
8109765
4272226
2430687
2542372
894091
1426082
165351
3367857
1436202
1771683
144499
2617039
6656387
919160
1506701
2249232
4712203
6453671
8302918
2366426
423386
9340842
3923759
1545980
233967
4759934
4543505
1775741
3701484
541261
181343
3160285
3882470
1545479
1393672
7550536
661827
5510296
1379446
7195881
7399606
2470747
3593057
2745896
839165
4585433
393377
418444
1902362
2654763
4392855
1875317
3977801
2221484
2919329
1331277
9217018
9725797
3115263
279918
1718482
1272205
936729
9919272
1301949
394424
2642313
2705209
4734541
8939026
1105817
5562925
3607078
8301305
7708531
2689935
2497916
2595503
4872996
1243589
1306226
387195
5926936
7396289
5129577
3157145
580732
1592130
4791179
6220318
3342880
1266764
1655562
2535546
3348374
9925340
5693603
5732252
486389
1574981
3722728
3492948
1593274
2767861
1909869
1204214
3715928
426493
5740039
5205437
2739393
1476536
3915811
3359959
4791950
5341801
7330186
1830533
6716040
2754581
1790915
2492613
5981853
5538713
9846764
8811272
2523748
1678674
7880969
6571098
5229707
6172570
5540852
5873043
4166849
19566
1713023
1173606
247468
1651512
1126887
1487143
1848842
8155636
1249004
5358807
395147
5277770
8289287
1588030
954798
1105265
1672207
1642133
1290455
2489914
2273035
1363965
5356801
1582746
1268404
7451407
3417197
1496876
3102813
2623055
5432453
1174071
2103324
1551370
6981061
3760670
1606836
4570309
2356191
317131
2890585
2487914
6893686
1403867
8480480
3920579
3199960
1173803
4382643
116441
1432625
1841425
6842731
21394
1900287
1688274
3208165
2740021
2840218
1691385
3575816
8238149
1288741
1937224
6624792
284602
1878777
3377221
5240637
2315303
593411
3937120
3298405
591293
3605883
1299360
43115
1886667
3798044
7705199
3750116
6291338
1803963
5758840
2440313
2904698
1143155
198562
3330807
7625082
6699204
8137983
1740486
4558998
7322933
1276281
1576997
6184503
1424447
5958803
4464767
1126424
5329933
3565626
2625783
2751049
1997039
1844478
2757972
1433560
2652992
5634285
7190379
9500100
1989496
4651667
1624995
1329534
3314082
2678886
1722222
225408
7199203
3620645
2431887
231232
351396
2466951
3145651
7311940
8263030
2294753
9163321
1465947
1646796
2335776
22085
4779256
9487193
290740
1495160
9268957
2206659
2755973
5158665
2609630
1841902
9650697
9113604
3329686
1635659
4997618
7575099
1136279
1112396
9197340
8534179
4387803
8433019
1888785
4196299
1317165
7999235
121187
3550595
9331209
3223143
4198992
1949644
2703941
5963241
399443
3338954
1957079
5260209
8465609
3269313
3581837
1491893
7482997
1519156
6231988
1339282
7454257
2228619
5732526
4924683
7661407
5782518
1773767
3815662
6273881
1455028
559951
1718268
3469099
7505138
3148386
1836278
4313103
4627926
3288161
4440101
1373109
1425947
1727388
7697822
5698273
2769198
413925
1254061
2262028
4827243
4866267
9733822
1433606
3723730
3693532
1913499
1144074
3680186
7853488
1344548
5753989
1863423
5633153
6593689
376855
6789072
1188162
1191752
8175870
4836971
3596503
2328984
4213839
3187427
3958416
4657281
1979615
1401312
2303614
1914411
4594029
2420350
6611281
3243210
4626039
9235393
5504183
2313551
4675439
1327824
2387920
3545042
8308181
2708337
7655802
3182028
66449
1103338
1492350
1231779
4486593
8972153
2345708
1502392
3171479
1386440
1202191
4522300
5142031
21120
234437
6302772
9376656
1463456
1471525
118343
3328716
4339261
3344685
1778826
9900493
1818762
1667465
8488167
4724767
1833623
4213433
2482241
8807310
1776086
1888491
4704422
368668
4660367
8474456
9598989
666530
7302550
4379506
4578754
294182
3505006
4293987
7570738
2257101
9723829
9618250
1715331
3320052
1383601
551891
8290484
149313
1636057
4748572
1135353
1153320
6892670
1993389
1408069
4764648
3314507
5545678
1200511
1959127
1895267
3285481
3765811
3159942
331792
5911478
1730264
2355868
165326
1109194
2241337
1123509
7844609
1692854
1655038
1300737
5285152
1312922
4649976
4989693
1877353
5200876
2887185
2634428
3293673
7945797
8785069
1261875
8689955
1237403
2751858
1741673
1324399
1524775
3497638
3350183
1405510
2873596
1799833
6433722
3473247
3685292
1120370
149424
2606782
4712777
319618
1599903
1808435
1801417
5380465
186203
1417535
3182708
4976328
7849617
2697886
1769522
8591134
3908344
1951372
2811900
3758000
390934
5359645
1203135
819860
1367825
1490542
3784025
3231423
2800297
2241355
1360728
2609811
6914782
4273517
114951
2371309
1140117
6642454
1313928
1453746
1691078
8556674
5292911
4527889
243727
1146088
157841
4813393
3866113
1118502
1798431
996307
1320868
7606426
5480868
3776103
1187028
2914978
4779753
2389646
8960718
6914277
4513089
9977928
1195433
126141
4456265
6116855
4336563
13828
973862
18158
7175712
2405194
1481308
226344
7934531
6519708
2291246
2471505
2889320
8277117
6640119
233875
1656338
1331120
4719022
173882
3537886
2711644
4881251
1175278
3474294
1452703
2264221
4828918
3125278
615344
2432888
8940713
1557255
3278404
4316547
447027
2801275
3366601
3973124
5334538
2920981
1610255
7166752
1707223
3375746
4988157
1830231
9285518
3682419
6326308
374218
8613429
2896816
2711665
1802529
4770043
113486
7139227
2741640
5223173
2787899
6880002
2870203
2906290
2465837
153537
7979051
7373416
1727706
2354710
140026
6160508
1905940
3231837
3761052
2826020
4584316
1188588
5250071
2105404
3426939
7148111
5791324
1821757
3919448
5675847
5215357
7966266
9657251
1571448
4640796
664859
5410227
9560516
1817195
1127505
1355884
414918
2259483
4241615
6874777
325543
1491000
2289693
6162752
5156674
1285969
2963198
598640
2299864
2400861
6932260
1673138
12891
2179195
4887975
1830942
1327270
4561234
1884655
192185
4919289
4698561
1220636
1868405
1682203
7890876
1865426
6150086
3449948
2795661
1212078
6194026
4178562
1289402
1996782
3733986
2784219
4346561
9720386
2710821
8605881
6184308
1626680
3462645
6697809
5903823
4404251
2969324
6989103
1942613
6474337
4914989
1112770
2634831
5800305
1896644
1682350
1534278
3370135
6171083
7311134
2298205
3404604
2596228
1280674
2555716
3426755
2788531
3455950
3120898
1985297
9951837
6401281
166319
8975996
2134979
7379421
7841752
3487100
2449460
2392118
6827767
4769016
1426745
1775378
7887312
2926152
1557605
1129595
2120250
3378320
4147948
4163919
7747563
1997990
2181107
1396776
6683899
2949755
2400941
3539093
2478167
2921453
6358869
1618298
2563734
3315283
6604114
1710061
248588
1939883
1790605
9923666
3363537
1961347
8370919
1981197
3914255
3549159
1580120
2867994
1867611
5633748
1432450
6418901
6876728
9935735
3347267
3707531
4303859
5829864
2345020
2736618
6896627
1656677
1160488
1321738
1956805
7473654
1563104
7633262
7564189
6554912
4773130
1682548
3297194
4946647
3485747
1764361
1870474
3585339
1600754
1977195
6113967
1726858
247579
9963174
2116690
6667195
3334607
2959592
1129977
1900944
3286080
1830782
1220908
3372259
3226947
711477
3549670
2840646
6388676
3554601
7669977
453367
6310229
2875088
1416099
236965
2674379
8193573
3403319
1596452
699620
2880137
5314545
1991291
4306426
4512591
5665404
7610221
8462100
6364486
2293398
4671079
2488205
1594452
2264752
9304038
4793278
9838672
6110743
3926419
7187949
1515683
2219684
3104713
2646849
3751441
2673996
1398149
9769513
9259392
3923983
4600484
3668147
3715961
3660034
16448
1870786
23044
3821193
6507264
2787190
1188599
5485236
3752345
6839456
965377
1435100
5465208
2260031
3747044
8198912
7289119
8643935
2510190
1774167
5139963
1487989
2847652
3449061
1364560
1124300
855838
9543742
9784854
5498426
4938918
6788147
3749393
9511661
6476001
1977713
1193847
859236
932163
4813737
5518717
4243150
3329755
5801711
2422256
2101828
9635755
1468870
6261814
1233301
7646145
7448942
1338190
3739185
7861238
1333660
4305556
8749544
966212
2778951
7587260
1757222
3434551
1556026
1607482
1666156
3766474
7845731
7725058
5446158
2169869
2806499
1471479
431490
1164354
3740764
2565570
1664303
2256425
1620639
1814891
2484439
5886731
1502240
2198508
362775
4702640
2735089
561630
1621756
1877471
3173189
5162836
115520
6781179
1244910
7529311
6574827
7770419
1840162
8153268
7747520
6248198
4673272
2701500
7665412
1855909
5951542
4251491
6700386
6611183
3760325
1612555
3285451
6555634
7969213
4869692
2844418
6912078
1704574
6579650
8404034
2151101
3844451
2539225
4595599
216108
580193
173060
1899745
794036
2897755
7160802
2663728
3199764
633095
2806569
3775778
2555210
648605
219355
6603315
4999158
4286447
17513
527765
2370237
2204921
2988309
1190817
4473002
3874445
7802550
145523
8564128
6237655
6332951
7585786
236501
5188019
7723998
3120273
24858
1943438
149505
9705570
1737942
222846
8820603
2880211
2604232
3348422
1674389
1206614
6975053
2135717
414554
6632354
1645110
765916
1319929
5774316
3786014
522168
1460007
5772860
1614300
9663107
9372499
1615366
1437259
3590452
1442625
9206125
3975774
2223489
1374709
4920731
1578048
1978874
4101398
348640
154791
3727066
5881590
1122727
6241071
1443862
1292320
9891230
1750425
1515059
8823531
4380465
5913412
5913635
4498468
1197323
9622394
2660825
1289040
1116441
9456254
1154750
1168102
1745041
516253
1653092
1342940
1730560
1698300
62349
3175245
5787619
799230
4841849
1836286
6825267
2187641
4288227
1888492
3550858
4105366
368827
3210686
5578797
3158822
1589316
6969317
6193597
3766421
1360366
8292112
2444087
6783014
1945350
1370740
3941515
568099
324087
619115
9670514
7167288
2204420
5708271
2443435
2191953
1111852
2121070
2974288
9345221
5448313
1452333
1364201
5333086
1542801
574772
4657731
2525380
5963446
2222723
182254
122038
4328494
2910624
4786967
2978873
6622689
9112588
7822340
1698755
2569566
8244270
2577611
1410268
5261227
1403178
1313905
1489488
1581574
3668220
5569175
9771997
4834471
160576
1536916
1795238
3692248
6934038
4631598
3721954
1840608
4148840
7544443
1500436
5961127
1727898
2620820
8813573
8352518
3484998
4509144
3743098
8178703
1818887
1828396
2650144
912176
8883690
5999195
9929292
7512539
1304925
843948
2213720
6431876
1790557
4949476
1384671
8480744
1659979
2709877
4750478
2257310
2792112
3422392
2534480
5617342
3258712
32280
190825
2926693
8160287
1521993
2944366
1414878
5663681
2104009
4849314
2914435
3282815
6642371
2220178
1834333
398824
8665597
1933965
2563859
2807482
1875426
4204931
8676349
1788508
2590546
1102484
241573
2828412
3840448
3934488
9172565
5612414
1842083
7891170
4451325
7371814
1189575
1584933
7650243
8361750
1451074
1389997
9753184
243054
2783792
6983338
1179875
1131944
2361879
1354870
4360320
2629170
299304
5375582
2419770
8195513
2829251
8539392
1598722
1715249
3161082
1934781
1112538
9885967
4432333
1273349
2542707
4216898
172180
8380970
1118391
3141110
1456902
3280051
9491716
2381815
4992312
3275710
3221602
134468
7302969
6878037
3594886
5556808
8816515
5823935
9617973
8866287
2593140
1594428
2213899
6728118
1604561
1948107
2382398
3410410
1248256
3427982
2472920
4474954
2763101
4952038
3939455
1161393
3175917
291110
63178
313264
2242554
2926636
1154814
2864289
5158160
1937683
6355998
8544726
5921113
155618
3911243
6262118
2232312
3105423
5835381
3534039
2296753
111322
6179122
6560037
1476091
1834271
1607253
6688193
1826908
4224149
6466078
1372301
4134418
116312
3944662
1186060
7898378
8217137
8255228
1444223
1363844
1888125
3999590
2258995
29594
1605182
6990971
3551082
2260911
4187789
1459526
2592981
8673155
8243000
3441769
6252791
9566231
522599
1538414
2434292
9676765
5463829
298010
1665087
2481175
2964148
911163
3999033
2569154
125763
4382943
2729873
921921
6885570
1961611
2899824
1105845
1213193
3574875
1729529
1580895
3441620
2613385
223531
1378862
3810132
7612261
7440203
1426319
1727967
1128285
1297702
2162843
1499654
715557
1776712
1234998
4918010
1764794
6592284
2659699
2516609
5296931
4383622
5113051
2882025
2540448
3341688
1657948
6480978
1527061
6904879
3276638
240632
1919695
5640907
3350101
5760969
1541588
8355537
1232503
8582330
1811829
410640
1886779
1589548
5117058
4634428
8383214
122279
9759793
2426090
1260140
5493006
1221458
9721293
8735402
2619482
240637
9185207
8922608
1650256
5410014
284888
2676965
1574806
5858772
1179113
456023
793163
2772230
1155147
1459229
4762515
4731040
7158547
3542675
4718766
1799358
2533800
3758491
130545
8608487
1631628
1752715
6370403
1966462
6892972
1712100
7767434
6736049
8725472
1382560
4229590
4615516
8161854
2737283
6875461
1988241
851251
1636605
1765519
6212444
1633535
3811491
5603571
2194952
2224404
8734573
1721695
1679178
19598
1749360
8693838
6185088
1731985
3816583
2727551
1713005
4603721
1842971
4241178
2770646
6207012
4703317
2789521
7838599
2403901
247542
468958
3676370
6882585
9690323
2785665
3971077
2700101
7594306
6270990
3246763
7729168
1637942
1437203
1623968
6349486
8950632
2681626
2490769
17151
6627511
1134757
1308213
5846538
3157487
1620310
8950402
236366
1462194
2568239
4226118
3306203
1151674
1752324
1969666
2559512
2260984
2818479
1576946
1662651
5789043
1575340
1911255
2366062
4354399
9461990
7616291
9567530
5236707
3376213
6605681
8881710
7407145
1213260
1956456
1116653
6364800
1946049
483179
6526441
8181091
4238385
337016
1145129
1107269
8974321
4690861
4299984
1718387
1256603
3489154
1436969
7941857
2217117
5370142
1143590
1538613
3264806
5626854
6464350
8692990
4276894
6542245
188407
9882741
396485
7442178
1971871
2212528
6406157
4775149
1885767
4171016
3278351
435723
2249486
1777762
2837752
3931774
3472073
2243134
7106241
8760424
9840021
7333003
1399733
4771904
4472532
2262666
7843183
1884866
4200080
1299302
1534668
1969663
1835512
1400125
1153956
4639716
1963035
53553
3462122
2461781
8965684
6651920
5695632
2349926
1626771
1601994
3301397
1192818
3969947
3757404
3424952
9887739
3868965
2935909
9557758
4835416
5659413
855068
6980197
4171119
6674408
2844124
1925381
6984107
6260393
2212156
1342713
2667809
1528669
4505198
3305160
1128550
7889677
1607550
1797026
5513774
4427495
9372214
776204
1515655
3272107
1358371
6327950
4354777
6820880
8552744
6319922
3760463
850942
2232500
129207
6279037
8745555
1223916
2133417
2815863
4839386
1352147
388180
2652355
1384209
4842681
1691537
1114593
9637644
1127669
2756269
1475212
6593853
231200
2706863
4384171
2915898
1533468
4557481
8993987
1915954
5385338
4731310
3141767
1950654
2486268
2824050
3907616
5411720
68101
1917014
7959117
250690
6401414
1511640
139025
7573861
1915801
6533952
3162741
1777478
3153054
9120836
1655065
3684867
1756205
4622751
180720
269496
2802410
5664705
1677533
1596906
8359876
4707757
1489867
8979935
7831445
2531248
4794844
9394443
1477578
2557960
1348756
317662
3222688
5607754
6649104
9486924
1591280
4434726
2553783
8158662
5744367
5190233
2626104
1315696
2552979
3324023
4481990
2589870
3920212
9846036
6860615
6320120
1298027
5241687
629115
7853794
6951214
1311303
1741746
1875412
2795252
6809198
7319644
5554913
2957949
2206360
1754263
6195146
2752989
4150707
8725080
4356366
3146114
1659446
7229796
5723721
3373871
6553431
9466452
9259914
3666981
1490477
1240055
6710455
3222877
3460117
4891461
2986500
1984162
1497881
2750067
4411145
141369
1643078
2582039
4311022
4968108
2488981
1151521
4114926
9252813
1809985
1588071
6892406
1800591
5102880
1944670
5698089
5522231
327683
8773009
9502057
1824473
5350104
2114455
6976225
1547066
7114851
6600926
4220491
2405480
7307944
1996745
6710639
8838213
5684388
7143534
2808855
2421880
1246914
3344281
7959871
1509701
3258703
269455
3386512
5250149
8560339
7664986
3478354
3728802
1712270
2368881
8562199
2137019
4373398
3798411
4122956
1681287
5879681
248832
7657753
6390133
2371542
3628178
6440167
5300573
3196044
338268
2606356
8445178
191929
5337787
7640883
9222533
9435620
2865921
2964436
7434199
1499925
1514341
3635583
921232
4779411
8932996
2436134
4332828
6125122
2128779
1571141
1820639
6631756
5997310
1160677
8717308
1861014
2857925
369810
3520536
6772656
383792
8328434
2527237
4877225
8478850
5292852
5803360
1593208
2934054
2898584
2152175
4907889
1176917
9948708
1919121
6154371
2188409
3180800
7731185
8347328
5707027
1155384
6799893
1106308
1238946
7851722
1189724
8291856
3679694
1387378
1330160
9471292
3453760
287487
6834905
2467773
3320427
772406
5788715
5524409
2720324
1678836
2480377
1835294
1867308
2124240
9182054
4416889
1805280
1498151
1856608
5684592
2879495
1534074
2889701
5433220
9700944
3222766
173443
1792005
5902993
3849489
1724543
6663067
8193168
1345048
3153843
5512817
5737387
7283587
1867789
8808276
2869008
1958843
7580745
3334798
2869763
5343791
5112442
5551545
1545622
3441214
7912683
5862063
1807110
2207341
7991520
1761361
6892993
7949046
7432386
8368162
4520589
1265714
8951033
1944863
6394438
4481398
4632943
135946
151934
3577240
4126518
1110386
3412859
8362202
6107965
846190
1272808
1421280
1615689
4474789
2410305
1905255
1941545
2288427
1391491
4422163
387748
3912982
9173823
394186
2495788
2757918
6543595
6355411
8658992
1545560
3433877
2347481
2100901
1893218
6374399
2495966
9929272
4977011
2590479
2894051
2332995
6878562
1112627
1568039
4443420
1264748
2406922
8874482
8856458
293521
2641806
2715717
1580626
2390744
290800
7965833
1792820
3552609
161397
1313685
2413152
595877
4587662
4463878
5739932
1937302
5862289
4845302
6978519
1639398
7536097
1190169
2153536
4844304
9948488
3625517
2658285
9949340
2993024
1902341
2991890
1157260
1954499
1370606
1166144
5407587
888291
1154420
1704696
194424
2823553
1225402
146838
1807562
39214
2932818
2380621
8909846
3476232
1780710
1175324
1291066
2113395
4637914
1490212
1750288
1971101
4720699
8819193
4945049
894525
7463202
2275208
6575455
9920267
1747680
2471562
7129298
1978325
1362921
1990323
116340
5319429
7607192
1533032
1869062
4963417
5650849
1722517
3588457
1651886
3475470
6171990
1807810
2358164
1924623
8693469
3630813
2790865
7502652
3832310
1622319
1540439
1628845
3328862
8342132
2375915
138143
4105578
296010
3556312
3874433
3767301
542518
114806
2316052
268062
3348301
1961038
9850467
254346
7811084
4135930
6249220
8108837
1198274
5226247
1140846
4757362
4718311
1435015
256314
4287883
2878610
8289749
8243130
1197641
3660883
9958606
3416886
6638171
1504043
310512
2370979
5470399
1234408
1952082
9206910
1437698
3146898
8679689
3402392
3189801
1303943
285116
4667901
2241055
4690125
3969446
1952593
9646830
1634690
4804120
1474342
2198855
2679832
7118465
3599179
3796523
7842969
1537237
1762403
3802810
3948835
9238559
1230630
3662780
199200
1149311
1603768
25737
1889488
3227652
4885480
2190128
3851601
1720977
5965454
2583771
3589412
4188338
293426
1585116
4561618
9196663
3423806
2765828
220812
5846369
48076
1106079
8246020
5913734
2229039
1583517
1350781
1795846
4147382
1338607
1821315
2815059
8585062
9430456
4937995
8383472
7635490
7218989
5243931
2475575
1472631
4447363
4969181
7459377
8454264
6489398
1596708
2489021
4975442
1340994
2817828
314675
8658550
1328343
2728217
2515708
1449336
1478778
2669819
1275748
2127351
6333799
8280913
2503136
4232417
1782762
7188953
1775724
485827
1278005
7692139
1538462
1427458
2828862
3449214
4243550
4858510
4722548
7935803
4289859
7645408
5864099
193
187626
1180241
120078
58358
8571929
4909530
1742296
3280606
289574
1719765
9767403
3827614
1438273
9552074
2277468
6571693
7535465
3886053
1259807
3566983
1764435
9197426
1143138
593524
5266992
941510
662862
1172017
571876
1786136
4197694
1801286
562174
2475194
6320757
1355689
1100951
2721207
9847414
1929293
9980727
2730801
4733117
1225798
6610758
5520319
6492552
8763370
6537083
3709837
1746534
1448588
920767
1209060
1256144
2367946
7652911
2403727
8141676
143491
3721558
3856236
2922244
449686
1255907
1893520
4388763
1271784
2368228
1179448
6389852
4918073
1530217
1946150
2467898
3113218
1861140
2686565
4207007
8950328
8484318
1605330
1434770
7344309
1452293
5428001
3316065
5594578
1895517
213747
2254500
4845487
2777590
2966520
6872233
1892451
5181346
5700270
189751
1701833
8584864
4384083
1500385
8632101
2943157
3304452
2340977
2164380
2653114
4358165
1493166
3412703
6827151
1602756
6810761
1137791
780315
1838957
2239734
7130590
4742954
2520134
1775298
9699677
1659191
2384181
1163439
1646755
151815
5439469
3122639
1342054
294445
2496554
5628989
2163058
4465117
4787883
3221368
6779910
9808754
9463548
2302866
1327127
1479697
1632677
2454018
1732417
1348242
997048
1390677
1345309
1543932
5533542
6270278
44949
285258
5851689
1914169
280776
5127790
8150070
1448632
4433119
5584452
1462452
2573381
2596130
9865171
1302222
5661507
9531025
1307765
246827
5649483
6316216
1210916
5632803
7387377
1704241
8345307
3490909
3583386
3371879
9227599
1675730
4734699
9985860
1933892
1106009
6979565
2497441
1873145
3991361
5930352
1248156
1837722
2724729
2431970
3898645
1184039
2903806
221728
6277210
110255
1771435
290776
8865862
3266865
4748397
4402347
9175934
8711092
2101072
4499147
6256419
6572069
2312608
3649260
3893473
137085
8800531
1407485
434436
2884212
2158581
2525908
5409777
2657532
2338295
5908406
6422292
1913031
219358
4666777
4985974
1744610
3750573
8316646
310624
3552329
2624969
7290388
9337456
390232
6984317
1698210
3188295
9326847
2833687
125839
1860404
1786962
1819365
839869
2174364
8860529
134834
3970337
1806835
1707874
6268263
6822979
4886086
54519
6109547
1812768
6464185
1223447
139468
793370
7737675
2748909
1325865
1500722
3339890
950467
1568463
1828487
5681273
1585364
1787301
2549841
1439967
4372715
3991440
2888820
1967207
4128016
1945771
2399066
2503019
8271341
2784789
7266391
7338405
5494006
1132983
8393439
2121536
5950818
4434113
3171207
3960829
324995
6556009
2919427
2954250
1857628
1835876
3597663
4499406
4130455
6987019
2391177
144295
9439086
4621136
9806844
2293598
578668
9542550
2826804
1849419
3317123
6133742
8653166
2600654
6542884
2942735
1336276
3165563
4761144
1582562
2363038
8798224
2788015
1150060
4707496
3318278
4876730
3285907
4347990
3620307
6253416
3313446
2225254
6854181
5962066
371608
8660628
242271
1773286
3935398
3788335
3920937
8813393
8452667
5528129
2513124
7560942
2113244
1486402
6452152
4378399
1816960
158261
6504523
2178970
1329184
2943189
226466
2259196
5984374
5557633
7881027
1755816
3231704
1635294
2185302
1485437
5130401
4576279
2217953
1742119
4228411
2860333
9972245
133441
16141
169705
1898525
7257578
4433453
1799053
1549395
3798964
6882753
4189242
4232289
1789996
2256104
5419333
1900575
4110636
1438568
1136729
5563527
3323067
5755383
5577177
8119977
1490232
3259567
4655568
3908999
2925732
557252
5334694
1126462
2431190
4890258
5503063
9706433
4353307
7905826
1597815
4330377
5194229
129370
7660887
2456764
1131012
1365237
1207408
1155975
9506523
5422591
4305114
1580731
5956326
1942466
7901511
3171674
4985831
2176651
7473282
3958988
1214017
7883453
1412900
6469588
2326887
6749686
6909950
6115411
290965
2820990
5974479
4303538
2680144
2567141
6976758
5147274
1334372
3671029
3347347
5891412
2765506
9279218
4380700
2454516
1324180
5789486
5403656
1738423
1272227
7313079
4559802
4206800
6303995
6286688
1886981
2350899
3696466
2556228
7803418
3419832
7194322
1441150
2369107
973805
1404755
2834374
2659583
6692403
4957075
1323570
3301235
3714169
1551608
8943464
1342820
5841669
3973195
6603652
2682861
5670161
662276
2780530
1170557
4248352
1988135
4832211
1895448
8570639
4704719
7278698
171834
2534690
7809427
1696623
1570865
1102054
594156
4604788
2780143
1706104
2921528
4839302
1187803
2311669
4636928
9930294
8447002
1237692
1401225
54302
4450334
2710652
1241728
8357089
1822270
7143170
3250403
4287314
3766839
9959304
1552633
2289488
9539266
3500420
1588552
1209676
8385550
1546937
1222384
6952242
6241555
1783853
4362533
1290497
567409
1757427
3147613
1574770
6828558
3700696
7593162
4488366
1614546
2584635
9386728
2924516
9819556
2563336
2333252
2312589
2218274
5420742
1474965
2378567
5663360
3955758
1387457
5967320
2666290
8558020
2387763
1363756
5117530
6673103
141154
1354477
6133122
2140373
5280765
1140944
129917
8425356
1738861
2932858
3530002
3981613
1157473
4493462
3986356
1672176
4215184
2338420
2860438
5875098
1700770
2916602
2748667
1773165
6860136
2855632
2211367
2464768
3109128
1915067
1723839
7123674
1517787
7213472
459655
2925796
1363646
65621
1266027
6212269
2927838
5793149
5971885
4797693
5814788
6305061
2437997
3501923
1265541
1848092
1799737
4521012
9701379
3195505
4350485
4744523
1335589
5394247
5331111
6707831
4891266
5897851
1973911
4627998
158347
1755109
619095
2875530
1429538
8848343
6977735
2975462
8857045
2595273
8631359
3530428
6241271
3437241
8194967
1789203
7468603
7558228
7475394
1546868
1386348
4606680
259536
3367728
5807305
1632798
6342364
1881127
1571765
3430478
2420973
7967204
3197825
1856838
1685952
1803552
5236734
1120180
2808280
4873926
458906
2568891
4667803
6518180
6900879
439117
4882562
1323721
2194697
5742743
2740446
2762528
3429178
1593371
9371776
8874413
3372765
4954857
1326911
2976144
3691940
1940026
2909744
1500481
5344059
3373578
2614610
2464835
1687357
1822455
2464402
5764633
4421010
4570439
4974218
1266965
6794007
5468125
6847956
1274577
183602
5844613
6299594
3983056
3737875
3553890
1776671
399199
7205294
9163208
247738
5191270
1299559
1260054
118681
5277042
1613301
2626912
3309799
1436856
5692067
3531829
7594588
5515086
4986722
1923767
2829535
1692442
5212210
5441388
5993911
386166
2675602
4289655
1403868
1940871
8145139
1632090
8185435
648858
2256440
1657454
3454813
3166097
1587509
3512308
2765762
7141028
1367621
3764551
166597
1474230
3444814
2405490
1517606
1458137
1116069
3215443
4342498
1109843
3515014
1507530
5486373
2986725
1279670
6398006
1256664
1235559
1878820
2567446
9752756
7228677
3765722
3111849
1217499
5832009
1977871
2685986
2904880
4473479
1387125
3723930
2665828
2201482
3614093
1497136
8665624
1734710
2621629
2155825
180221
1680829
1252304
4275662
6281938
2788512
4785345
1235249
3816283
7276922
2845305
2360549
1236227
584623
5824518
3149531
1456411
6346765
1269465
2752436
7789985
272980
2731585
1959576
163177
466314
2265931
53276
4779153
8215331
2618257
7552830
3962538
1357768
1826836
4939563
2292687
8969393
2949282
7426032
4210307
2674014
2485013
4734048
295522
9253463
3116952
2602595
7179812
1602361
1762720
7970949
6831089
3213703
3271695
4860493
6869919
5816324
1812676
1888900
1521790
5368575
1501197
1277378
6379862
4844822
135714
141075
182261
2786826
7946112
116569
1651384
8570962
1298229
5529484
9139240
9614533
4925849
1874843
2693885
4408315
3520717
530077
1471079
1279864
2639254
1690504
1493086
1707148
7469124
5651621
1892159
1915431
1721780
2913405
1494404
2890431
7222927
3907759
1339658
3488702
4519186
8384287
4839245
1149850
1191495
1938122
1793790
3617412
6212938
3352057
3463771
1846742
2183311
2232359
8361835
3703816
266303
1420437
2800425
1778467
1466163
164208
2974343
221891
3625132
6681928
5405424
254783
498144
3483102
1447923
2163357
2441787
2920400
1840558
2745925
1313230
2115859
937361
397785
6705716
211047
6880534
8101981
296335
1964580
1939059
2101924
2892119
934333
1564819
659343
2565206
1753862
5346291
2494899
1822407
3438508
1577991
1587415
4695282
1684854
5392199
1852841
158582
1462473
1772414
1674906
4490275
1156976
922105
1860269
3178346
5434917
811613
1136416
8440095
8157269
2794615
1964601
2668821
1344208
3689029
5266017
3633477
1304929
3269790
1548469
1531782
6995974
4138741
1209328
9282852
3263633
5397693
1370681
425588
4471552
7192
2607965
3150088
5104027
2298102
8128225
1399266
9501792
1206957
1609833
1639705
1898576
1164520
4260083
4755693
1881721
1337200
9205713
310545
6473550
1597799
6692347
6656605
1547397
5864483
8718108
2415689
2766223
4129003
2311001
5190185
1428785
7487451
2376193
734338
6113644
7538897
1348944
5395231
3439603
7375114
3164055
3167648
6201530
3412815
9183267
3851374
3207133
4429669
1438230
5829287
1240685
1496167
7899582
1293669
6406053
1850884
1595008
960414
2672823
1136928
1971619
491694
6764319
9507080
177402
2463741
7213977
5463785
1240390
2406814
9557349
1601467
4630486
1392927
1527401
3713890
2800788
5966974
1840909
7973058
3562723
3233279
8878119
1584907
1187755
1974682
9821737
6816765
9569684
1989194
9907348
8878647
3798494
9367845
2537421
1920712
3667136
7350048
6618833
1152337
3867862
8669834
1659315
2174281
5344156
1765700
6401926
1242811
4960304
1570576
1178739
7731136
2110954
762280
1478096
1482357
9742084
3950286
2796747
7345141
1250350
9767678
1724260
3271159
3289390
1367505
1508638
2368468
3427105
4628617
180116
1433117
2878370
679472
656486
3810665
2142656
6167048
3787679
3633978
7443994
3153824
1857668
9649366
4726371
1269453
3249360
9270339
2359491
1910572
2380474
2499410
5365820
149245
5873655
3328843
789407
1754272
189825
6756193
1112460
8113742
3883639
4677325
3841720
2558897
490598
1986384
238210
2253904
5319588
1247522
5370876
5709467
7929073
5775888
3378005
7871379
3793330
3870973
1959548
6419286
4490630
2984530
2342165
6477651
7693782
4561342
5488053
5305461
8683519
3437042
1586689
1447667
1377671
1560563
1395631
1426349
4493057
1509080
1728625
634875
1753028
1821404
6910176
3563662
1828522
4430964
3727566
1392149
7255023
3559181
1376664
4868192
8583318
5547408
7349689
1970514
2110793
9895685
1102483
1475738
2836751
7528578
7778616
4708682
1663660
5619859
1772959
1412637
175921
1277368
5453500
7959375
1514281
9745824
9178213
4555502
5742394
4408401
5541282
8773025
2284192
2525297
5795932
3957940
252302
148071
1776678
1808912
3955213
3724517
8442244
1530084
130950
3260152
1857367
1951241
2306485
3148154
2229877
3231386
3353647
9726657
9262233
4891580
1318107
2523788
3106375
4766826
3205856
3344980
2204628
175274
4352937
1425255
1565556
8871554
9515665
7582473
3489300
1190786
3846901
1644081
8369136
2878513
8122678
1759582
1376928
3785227
1549117
1874475
5893748
1665715
547394
3406161
7268689
6845745
1640260
152735
8267377
5371940
1937623
8333884
4902020
5293991
4733078
2401775
8152963
3135577
4569430
4236957
1304607
288231
2371226
8335755
4450654
1717239
134819
1387739
2589937
1449906
5865306
3369736
6532446
5919949
2219027
1650858
1860688
2243528
9551773
3418977
2307884
1423985
2567637
6118456
4481590
1251609
8586791
3891481
1401193
6167589
2277992
1297051
1957762
1192984
3600783
3315186
1780444
2148840
291865
1240837
9888039
1829426
1325416
3912548
7963308
6570122
4319294
4685714
8217989
7776132
2833328
5876393
9305727
7389998
2111804
3510827
1712032
9416240
1734183
340235
8147718
833080
294899
9552296
135596
2473637
348355
2583740
4135337
7711692
7389214
4666363
2567814
1940054
2898062
1582867
2507336
1572725
9560636
3836135
1887276
2630369
2789797
3442225
7888256
8494425
6726309
5434927
4490189
1280928
2415366
3268330
2211316
1941346
2565856
6638761
7595337
3985307
3256025
4640947
1460143
2345181
2972759
364744
2685062
5941851
1269941
4409402
1126614
1154226
1699025
9511847
1661458
2851894
7776148
1697472
6351662
4435465
8997760
5695574
8412998
1699593
1787159
535495
2831818
2381644
1716417
6551354
1541786
4414352
2935704
9312447
1409978
2530574
276988
1441211
2844320
3424208
4648560
1378998
7429645
4277673
4343167
3123732
7214039
1143472
6757595
2329607
6499699
5152059
2105527
4930584
1505162
2260230
1423279
2537228
114299
8669317
1200453
481962
1175811
7534498
5221115
1832624
7720305
4925071
1213121
1162585
8610833
1536623
6701042
233528
4933341
2882329
5780452
1863527
5137886
3709342
4158594
8459898
1930560
6529382
1326645
2485702
9749270
1505529
2429990
4346003
4833417
1534872
1713925
2837973
2483542
6131891
5243453
4779424
4891077
5426008
3483664
2885417
2197905
7922338
2189333
4419389
1413035
2911555
1989828
3147034
8776023
6788525
3819730
3733574
1723030
7854192
2583481
4408503
1989858
1830194
9773598
8565306
1478420
2402722
6414836
195919
2675892
1998198
1568930
1595775
2648732
2964904
2449138
4813499
1159283
1460038
24369
8329629
3294402
1627031
1230843
4506230
1793228
1921927
749089
3894157
8289300
6358837
7787701
348298
8599877
1199265
2897364
2739650
2798707
1823823
2299574
2972342
1491026
3547482
2318117
8472831
1637319
6309577
4216175
3185792
4754114
134860
1551131
1232395
146120
4636741
4672765
2901824
3839840
4292110
255527
8792373
2434186
286918
3993954
4194672
9325891
3456183
6270333
1849360
2420688
1755140
1670749
3393276
3120921
227375
6421031
4315505
5251843
6952921
9765441
3896806
1165335
167573
3666118
2862004
6762662
3200511
7654419
2415313
35179
9763201
8785641
223076
5515992
5258601
1460339
3992694
1630965
3659961
6639989
5394850
2679440
7551817
1703834
4635464
5864948
7397234
1396838
9423504
3729001
4526388
1544681
5835510
68326
4864112
4770194
9864625
3177347
2612692
4535980
1524896
3838793
1414019
7371611
1787231
4571869
1222010
5392201
8920786
454117
1293822
1717797
1914765
4119074
1749704
5296402
5821170
136999
375882
96202
2343309
782146
8366854
1807220
5561143
5750823
1158550
4973820
1836348
1342740
1873491
1393333
1921292
6654946
6520375
292993
1915139
3185607
1166611
6952657
335097
413909
1790344
2957744
538828
3665484
3494723
5645622
911930
2734540
2807274
1879485
4746267
6902786
1996293
2556829
4611757
2650636
7244561
1154234
5980839
421769
1715215
2219546
221125
4648077
1209609
3297735
198728
6887231
526109
6936013
8505518
2405544
2391583
8103756
1814843
1737827
7863710
1330277
1423327
6397139
1337697
15720
7195442
1193327
5637389
4146163
9630067
1111888
162468
2804344
2479836
3849114
8141478
8991218
5173450
4666306
3554217
1193780
1469828
3540713
4796118
6191909
5772703
1977782
4734047
2892216
2429662
1406399
2691856
5209754
198045
1686700
1215463
3730277
9344507
9623401
1799794
3331769
3509669
1593093
1686997
1242794
3793208
4863634
1471992
1815621
4477999
1414207
1521200
8376695
2210476
3458289
4617623
1745234
1796927
1254124
4861018
173647
3833261
6730125
5465650
1542303
3547071
1671185
5374627
2803136
660454
7512698
3288799
4493802
1463556
27779
8483244
2252183
2766494
5965217
5313755
1408026
330744
6318157
3710783
1812915
3179069
1570323
1582190
2883926
4214938
7394235
1656094
2305291
562092
3681606
4537916
7849625
4953511
8736545
1320089
1399430
3159394
4920345
8224185
5758557
5337474
9824255
3940213
5805434
7889647
199754
3149080
163543
1372408
1469563
6191531
1603019
8526226
9430416
4157230
2707954
951215
1675424
3127528
1215150
1872556
2235689
7868370
2248753
295792
4555849
1724560
267471
2352265
3934078
3268586
1327992
9318608
1966941
4510736
4456573
2350523
3201733
1417750
6913085
8761392
2796601
539332
1675809
561585
6184633
3224513
3273075
1119417
9755926
2146488
9596045
9978601
1680462
1255462
4568470
3125817
1367686
2693244
468656
1978133
1565708
2907744
2833729
3173913
2757341
6797446
3842826
8576510
1466909
1355466
2224179
3486054
1277379
6176457
7135850
1374693
4127653
6520877
1355887
9378854
9828643
4717208
2495270
6281475
1130667
1554469
8149902
2241210
1896602
6277212
9386118
2108228
3497497
1538239
5628544
2342486
5352353
829272
1275567
8732050
6338942
4796558
6671120
5455464
5751849
1290146
1898886
476768
1440505
1164278
4869245
465089
2683124
1466975
2698999
6633525
2950423
3939681
3201882
9409892
142932
238071
7255219
6801578
3183487
3674851
9211747
4216864
2416200
2695569
1655667
5952386
1475284
313808
2932074
3541480
2130416
2167397
1624074
8438845
2866832
5907157
3322126
4935934
980562
4639620
6419284
9179849
8554224
2483787
8760070
1695202
2223691
1532044
4225494
4991017
1818380
265194
2796192
7476524
57748
2760706
4460513
3332237
5873919
8372975
1679298
3666631
1126816
1307862
3411364
1343902
8937054
5425245
6440521
5886176
3550782
4590885
1346033
9925222
312625
3924734
2907548
1517010
1744969
2582821
1338665
363370
2352853
2341656
3477147
1624884
2924572
7669551
5146205
1851465
2895280
1109767
2711678
1208170
2366482
4735643
4381414
2307159
7649182
9117257
4409185
1882690
1482402
2569706
4369878
6724012
1505564
2330760
1510932
2536442
5299321
2913247
5387478
1224576
3633063
8341422
1251938
3326276
2947760
7502616
4193305
5983090
1824612
5782941
8566005
6623737
2117176
1534270
6224201
1666256
7895264
2467936
3107336
715803
1997764
4169600
184122
2681404
6168826
2938475
9780530
46718
1685531
1508446
1929526
6698523
2839997
1964053
3549993
1566992
1749635
7500585
134615
4220624
1499223
2915917
2362316
899776
1543115
1282508
2346811
1397685
2390480
2948153
9681861
2667455
3430522
2581158
4414318
9402117
1324683
312659
3844651
1770661
1378251
8579793
2319018
3375499
3176159
1508969
1157240
1846054
8284814
6368290
4238524
1473271
1598789
2936385
1273827
1370992
666784
8865277
3232098
2262129
1234588
1315599
3871295
211924
1840222
1821585
1263593
798351
2957539
691088
1758473
1919475
3644623
3763692
1644352
3432934
1157227
397555
1292225
545046
1742144
2309883
1414784
168222
6938877
2417274
2601114
3893989
35951
632754
4771252
8702344
3169074
2548347
2388090
3427152
3263444
2516601
5904009
4740061
2582881
9728740
8885994
1780824
2806592
7369117
7374695
5800720
4813199
1556500
9359145
1505171
9732611
1622492
2278518
6835125
5377855
9647898
1720009
1327208
3321687
2538310
5493547
7577895
161950
2863152
7612293
2315579
1556924
1846116
3498114
5364281
1708640
9529765
1930692
2700735
7792280
3960314
5185988
2833949
1808791
5513470
5985487
4931477
2687834
1837768
1101811
4606441
1950083
1385181
3839350
1222992
1335117
3226618
5103825
1805708
8150845
143481
1562021
336785
7384311
1219436
6500825
1407403
3526069
3249109
1399416
8181234
2127043
8385692
6462782
8555425
8212049
1967029
3764303
1392640
1331411
971242
2945161
3758832
1613423
1190736
2681152
7916103
6555873
546729
1364766
7382394
2523962
6954414
4482028
3755086
8232516
4116768
162295
2902534
1196936
3258957
1191649
4649474
1702854
113482
1497925
2587126
2909873
2536142
2725050
2392992
4172225
3938965
1230852
1745404
1671793
1194465
4697974
2772110
1514819
2181661
1905275
2597087
1903753
1230685
4546842
1424720
1194341
2397767
3306029
2866473
1419220
1463371
4741761
213783
1891391
4532520
1645540
3852238
2705157
1363720
183832
1818710
4976558
6127762
1420896
1995409
5443251
2859238
1792275
6320012
7354075
1388927
2655866
1986823
9467368
5925188
8348568
6259941
3622094
1528128
7636766
1229018
6376386
4360063
8591668
9882263
2807590
2645767
1755566
3664260
1607365
1192350
6984181
9135816
3232331
4487743
1658432
2401126
114252
3101660
2956315
277661
1387585
3201969
1797666
173138
5531737
2705605
8220879
239073
6377776
7121601
1141697
1451497
1778003
6514478
1345152
3112722
1617903
187039
2467970
1194496
4468975
5328535
1941880
1429052
5647229
1233042
8361242
449552
4524531
1448168
3821043
1835444
1526865
2635684
1913118
4168110
9847549
3416631
7768940
275752
3283450
4464703
7702630
1762034
1717906
3542867
1272869
2230645
1464762
2579207
4527396
367098
2745565
2148676
1706273
4792391
7591054
5930095
3834841
3181388
5724084
2921464
2906625
2821993
4555580
456885
6538705
9970758
1277434
358312
8427407
8113352
6909467
2489294
1781645
1873201
1797892
5806892
1160068
2967797
3441159
19912
3602984
1530591
3404670
1540399
1351204
6795764
7640664
1409865
2620243
8645958
4781301
2997177
6943665
5749043
1597283
1726700
9478567
1901915
51438
6121064
8994367
4186473
1897693
4120192
8163530
4119103
2631314
1801132
3618094
6344423
1535439
3768611
3978105
1518302
3440070
4924259
2866642
3579
2807092
7281660
2653353
3724516
1585335
1197788
411132
6413105
2529105
2730580
1178088
7444713
6530404
2694392
3291531
6906007
8815276
4893914
4386782
4456360
5733423
5721576
629917
1858027
2860017
6563539
2748082
2195703
1806158
1249871
7124258
1348263
2337536
3955113
7814731
1132285
1987490
2782121
1595689
2677106
2388838
1799547
4597566
1403321
3741329
1520793
5775976
3155052
4242066
210667
985402
1320527
8402691
3204104
9165210
1446254
1155771
7906401
9398418
2667867
2219396
1307007
1399592
758059
1876063
5677277
5296779
4616326
4116419
1176016
4413493
2452266
1224553
1549663
2680090
4476547
549205
1396149
3760595
7132925
1587361
3554960
8471770
5232929
4338608
1482910
1357329
3299789
2153395
8155612
8539143
3665530
252077
5835762
1843186
6512853
1525210
129181
3689307
1869128
6454041
2967754
9205917
1559208
48757
6504280
3654247
1765572
7467401
6608582
486338
1120892
6584854
2335930
3822903
39152
1810930
4302411
3891584
2898054
159508
2531510
9236641
7656011
1380376
3424954
1612614
6372551
3472722
1362082
3689353
1787262
3301449
3293590
1674944
7652077
540105
8366820
3741420
3653558
1428905
3580340
1766337
1389106
1814258
168353
8548607
8176179
152098
1125697
6118214
1424275
1835967
1981446
583993
6650540
6669726
8227220
1181974
1250576
4682522
2305128
5313918
1207128
6565066
6160411
7806216
5975167
4541054
8417144
2136546
1975839
8970879
1325055
1166520
6325529
2661174
4286512
1476967
6473265
4773997
5926415
4999312
7690861
3316209
4480095
5985932
6877645
1292702
5725589
360554
7324906
2672791
3698743
1643318
3705220
3379204
6361379
2101475
4832898
237622
6487755
6225273
6133976
998650
1955659
1949139
5443518
7794770
7969598
1875216
4496403
1155873
2189598
1514235
2890038
7904595
1884953
3831118
2850157
4740417
7258345
2474358
1364749
5685743
4650308
1726774
1364710
5917318
1499221
1318729
2807946
1118964
7720571
4761071
2421655
3302240
1987970
26088
3188321
5462816
9562273
1127495
4594898
2124567
7226719
3721237
1415465
7167258
7762913
3754849
4961679
3130756
129166
7169318
2915004
6429436
8120387
9648667
3330418
2772011
1210235
2476915
1799537
5517052
2481876
3998252
4248279
6556792
5470012
3947946
1308722
7138365
2260857
1730137
48240
1251898
4270991
8574669
2238342
492268
2250207
2404365
1116799
861704
6152832
1658386
3618778
3189141
3588152
2917773
2608155
2558487
4131698
2606807
1575778
8613933
6490546
1626750
1341811
2340085
5268724
6663984
176640
6291495
4701410
2336065
8278869
973184
2520031
7971052
4157890
4847207
5293870
5580030
4670550
1391123
5229326
276557
1750651
8342260
9814525
367455
1827260
289628
3299739
6404978
2597773
1331839
414892
4547077
7809438
9815224
5542716
3911198
1319121
4550928
5111503
3913322
1866459
1385541
297750
4707765
5592512
1836337
4283727
1941302
4408330
1587514
583360
7369813
655129
3198234
1101400
13955
3487799
7727461
2449116
1849583
3765118
2897981
1977901
1699213
2886925
140149
1247195
1239163
3897077
2660772
6675790
3436999
1864631
2752018
1370476
5625260
1374943
3888559
1770142
3426212
1540572
1634819
246129
1480859
5169042
1542465
971212
4289127
3340790
3957333
2897612
4125178
9163339
6620919
3762017
2640817
1456362
214813
1849275
6770837
2430818
1287118
3803546
9209711
2385769
2193880
4414535
2464227
8446857
1747820
947601
3245142
1986680
1912693
4324067
5552187
6854412
6894942
2498578
3192029
3920568
1403550
8600782
2945527
3712685
2830035
9259036
557295
1226382
2110027
7300876
1548267
1736831
9600564
3607901
75792
6739444
885896
1303606
1478520
1148446
2360451
3931596
1749753
2492669
7494598
73805
4981764
1792468
58080
1694689
7104393
3429456
1780560
496875
4348943
911580
6291998
1747003
9730934
1888485
1927455
5663923
4549345
2834949
1431705
1349487
5930832
7206800
4844122
2754350
1612117
2697603
9716178
7383921
1339108
2721960
1560038
2331311
6741574
7689725
2990827
149977
6434165
1749620
262830
1390129
140085
2885780
9983371
7112774
61167
6163825
4962453
3744883
3108468
4125709
3348114
2293854
251820
2920095
170692
1255247
6424125
4269471
3296121
8580312
2828587
1181012
1593123
1737325
1176998
5163453
6108835
4272555
4347534
1796051
2988038
2594082
367745
1668861
1401984
8604942
1270888
6907322
1982874
4754455
2669360
2194327
6184794
2633882
1969252
297640
1760427
1425605
1634296
1909039
9332856
2803059
6911767
2527898
1168595
7926394
157523
3638143
2785447
9135396
1637399
1632764
7979187
2307615
3665914
2890163
6552853
4551274
2513424
2895286
5683039
6323128
1960675
1818442
2840231
2112463
1291262
2143222
4124055
137878
1143567
3984020
5100710
2713383
4941144
1357647
8471613
1750589
9358780
7991902
4722309
5424674
3518531
2124055
7494582
4576084
3623127
1655193
1463576
8392295
1756971
7333621
2389041
1251488
7785457
1656505
1420989
2161101
7709234
3530262
1635977
1254424
8364144
4592660
1173199
2372901
3147151
1533910
3662991
1740954
3643674
3952728
6963512
2800918
4650652
3840700
2981417
6444698
3488207
3249585
7123158
2511821
1274152
3734743
7498489
9962046
1936006
2551075
2563553
6989607
1571825
3195689
5445783
2105462
3910325
26587
7324816
4537667
9214812
376272
2630541
9954212
7475987
1116015
8360004
1566544
7576261
534438
2223272
2315205
1855863
1505539
2429133
7352566
3229756
3633929
2279245
5404762
4287808
1782955
2881028
1701751
1726253
110613
9720645
2596427
8970947
8883932
1155929
580079
4495444
7786568
133163
149941
8150231
5947653
6118211
3923324
126091
3227525
431386
1918869
3788663
1899668
9172235
136137
8164230
3964234
2921814
7779714
6421170
2666656
1443223
1963814
1886907
4213928
5782433
1752775
7229018
8217587
1694420
2721504
1381331
4467945
8617006
5410746
8387989
7948924
2523525
8623539
8379359
4627337
4323254
1710300
3853798
7525069
4227287
1462272
3331756
1632615
3235483
164063
4813231
1857912
1710394
9127623
559721
8413314
1677370
5322202
610628
2256523
2676050
4880366
6340186
1855485
2562804
1916394
3957656
4799870
184447
9678499
6499407
171737
3917778
5520580
5382393
8730170
2987608
1621591
1900395
7695574
4124780
8206632
279379
3888361
2353432
666543
1414396
3987530
3179315
3429492
7487707
5700369
1355368
7961952
1714697
8977790
1234064
1777946
7972337
4242602
2448362
4388053
1632268
1773744
3898979
920957
246931
3602036
6272652
5892703
1657561
327087
1414892
6891422
2343116
1726209
1906522
9194704
1980546
4931968
1116955
3749437
1773026
7374362
5433146
1205915
4910172
3373413
2891694
6879390
5335282
5224069
1148219
2296891
1340680
8740360
6941687
4742960
2373275
4245817
9680888
3250081
1179393
469732
2202166
1383568
311244
4525471
5321828
8471573
4780138
3643648
6154289
1605188
6721602
5356761
1268917
5843892
1234727
666238
4870065
268841
7456671
1692252
3175294
689710
158927
779371
7221411
4749157
5641071
6429580
3635185
1745526
4938448
1887090
1915620
4106611
3112037
3484152
2708680
2645704
4100648
4660480
7188707
4360907
2335717
1161221
364665
189432
2496481
4279212
1874191
2433756
7589538
2297506
7148036
2800642
1405005
178085
1104184
253937
1148098
9936277
5343385
2808823
1281449
7916326
1164670
4705118
6498797
2286967
9652306
187914
221365
6281512
2478115
8668981
1451824
2348335
236874
4933231
1416223
1220397
8752468
9934068
1159879
5975625
1405084
3219510
4594869
6279213
3488657
3959636
1587580
3782630
1452366
1347369
2585850
174822
4670255
4325225
686291
934494
5665458
2393377
1854425
6388591
7676701
2180717
8480661
8655591
1732373
9314753
1131528
4534291
865711
2514013
5622894
791297
4862839
3310271
5771708
3202919
631923
2310735
2845867
8196810
374858
6631069
6759229
281990
7864889
2185226
1892575
1231992
7979159
2933592
799283
8301781
3950360
2544097
5109964
2885068
1338336
7332508
1213006
1379152
1742253
4112222
7185323
655526
2624139
778850
2498770
5846849
1328065
7838603
3399653
1401318
1682894
386198
3997884
9194906
7755278
1253980
476337
1817680
5285365
7411515
9731689
3731353
2603539
5437654
3605781
4340020
1442097
1648148
1319055
6289909
1715056
966457
3721030
1996792
6439432
1640857
7608099
2996201
4953829
1614234
1340649
6654880
2777222
2941631
237904
2400518
3503033
3452529
2641963
1989621
1924381
1760989
1583439
2790621
1393163
1961882
9211013
2127556
2246386
9270218
5908472
1825990
8448801
9770709
1560624
2184552
2975305
1346161
1391238
158458
2808771
3138930
2861651
3342713
194687
9884963
1955187
1970891
1944632
1710534
4747282
1233771
2918660
2920816
120119
1328706
2949939
9418806
1503243
7807555
2351458
2143770
1167877
5526233
1442103
4639287
1501090
554943
2872616
1849953
1479288
8729132
683126
151572
3943942
1283954
3443819
4750104
3119519
1811576
8215025
2195482
9579722
2834340
2747908
2943269
1953971
3913075
120373
954308
5931124
2990465
6692462
1756502
1805015
8411748
2142900
2408678
1744198
1499930
1838807
8825176
5580421
5301017
3825920
3707386
3194634
3277989
8251264
3839532
6652711
3204216
654965
1296964
1179368
3810592
3550865
4363192
4909629
5161977
1142448
2233030
5634686
1486526
2541571
1305518
4765406
2733993
5429894
4862868
8776125
1504966
2544105
1438295
1342537
4864170
7310075
9483512
4880073
8938678
3668423
5798930
175765
197872
3263534
1215208
8729047
4371109
1708937
2598081
1657828
185828
368059
7453820
2774067
9179155
1532838
6106809
2225128
1559382
1850331
4955672
1169981
7567266
936147
5559526
2789648
6132066
8984178
9679540
2255376
1618862
3236062
2969202
1876196
3583777
1718006
219840
1183908
3876559
1687667
1780367
541978
6209116
1188614
824087
2535217
3350414
1634598
5959465
7768519
8526601
4793701
8535048
3925831
4957253
2739838
1892622
3459251
370873
2314548
1431146
187392
5980612
9142060
3920977
9859860
2402131
7134455
3252575
192070
3824542
9611921
4664388
5625504
2869316
1125354
163060
1867716
720941
395172
1117067
5124615
1592899
1261581
1141981
2148584
1400459
2247541
493406
5775363
5232905
1582007
7242963
6976076
6185955
8995983
7906938
3301190
1870627
9823948
4770084
1817487
283493
1573054
7142549
1343739
1155751
5142449
9830388
441843
1161673
2385184
5994616
6494027
1684388
2247254
1109553
5316087
1593584
1738589
4197047
2827549
1754026
169808
3129106
2815322
1138319
1372795
236378
1357828
8350370
1631603
1380436
5204330
7881114
2328829
9160978
1177366
3432383
3221582
1470128
8880887
1333057
2546741
879884
1671641
6110060
9521009
2203294
8228200
5178788
1996264
1981367
2659367
5760991
5571881
5722273
1276837
2183655
28141
349792
6367453
197267
4603134
1996085
2410932
7899019
1127215
2420989
7192630
4926550
1207297
7181469
6468142
4598416
6575357
532023
3868702
2679919
1327039
5986698
5910516
6583706
5220104
2201718
97612
6290796
7893794
210686
156228
4447624
2772467
1862275
1670862
272197
4862614
2728156
3621489
2859509
4811975
1339235
1849779
5633323
2932792
4695963
4781826
5588191
3574988
2964401
132499
5852341
161592
7814739
1249530
1982723
3561617
1202840
7681628
1549475
1507742
772762
6527627
2304916
144781
6442752
6531465
4936309
6753394
9529870
914912
183470
9268917
2333344
2954520
7523400
7134153
4106114
130418
7336781
4350215
415938
2930006
5169584
2945144
3257053
4449738
1159388
3611718
5251256
1636818
121403
5870677
1133063
7220517
1418921
2697561
3394129
1638933
1361860
1150812
1443646
2672287
283855
465857
7528701
1848843
31946
7257145
3727221
4353680
1639199
1152764
4312562
1746383
5968009
2154195
1739857
1181173
1397809
1161779
4626179
1937341
2534808
1970000
2345797
1465458
3489692
1887543
2283554
1827480
2275820
1542993
7497989
3597248
3124660
1837197
1213064
3899699
8852566
6835204
2676455
145073
5910035
1235912
6649420
1366988
2462706
5399229
1383547
7817882
346937
319298
2880102
1863697
4950393
4699068
549980
171581
1265911
4605735
2251495
7559907
170209
5412341
8552357
323800
1423215
2195986
2290575
1223402
517388
4424837
1376749
7199691
3750968
126672
7814854
2504520
287468
115116
8660329
5314966
232232
1981151
1143264
9263340
676350
9508187
3558341
5235582
8997632
1333303
7201202
4914950
1948184
1192968
6644510
2458118
4318434
6783668
1155404
8242451
1512255
2580545
5522928
214791
1785201
1128552
9364764
2132700
3677560
6632213
2604888
1559763
120617
7345891
1336293
8303854
6417085
2497183
7292733
1591517
2544391
7525769
1907117
1892753
6130069
8876551
4141133
2428566
9411902
2661198
1372223
1248528
9418090
2859593
4416493
1866032
1791571
3997758
3194209
2662500
1289754
1457774
672298
5726838
5210266
4551568
2931632
2882577
1311622
6912053
2620450
1315761
6943435
4706407
1572962
120635
120898
1351767
2133564
5754489
9407068
1696443
1575059
1224999
1466747
1731909
7761706
3369821
1225027
3230951
1793864
9441627
4126421
6773076
1700127
1324385
2709455
1717723
1592962
4222750
7590443
2654127
221258
4158015
2672138
4389426
3523290
4479123
1237154
2375068
1385117
7632240
6768738
1268533
1380084
3588977
1733946
1931854
6340134
3516976
378878
6126130
7964022
2966375
2977953
5765562
1235380
4634430
2923283
8734370
2933176
6125015
5364481
65679
9437869
9465959
3217912
1109377
2453183
4115947
2241579
7149072
1241422
2910158
1967602
313833
3361382
4742574
9639477
1122329
1742742
6323001
2117519
7698003
8366545
6494749
8270597
9898880
1481075
1269425
1174603
2995008
114902
7480305
160442
1210771
8158072
8530741
3741992
2759014
1632438
2389554
1574320
6137261
1187594
6608127
1385793
1161921
1852125
8157446
4980476
1467122
2550258
2145568
157578
2397879
1657861
8796487
2903289
1285500
7102546
82790
13798
4942120
3687820
2131812
9538827
1910058
1906577
3633662
1367106
5425753
840568
5649654
3803398
7414023
3310460
1283611
5938598
659148
1157486
134655
1786019
1317889
1368369
194956
3908206
623353
2896576
1596528
1231583
6319950
6202978
1982999
5705056
6175853
4208352
5974339
1322488
3960962
154371
1374320
3173899
8301253
7170218
888356
3959378
3698706
6400227
2277454
1954498
2896047
1605797
4799487
2120955
4742739
2228940
1717077
1200943
1103627
1579339
1300524
3516473
7226764
9738998
2823088
3511827
1300869
1778202
6999937
1501349
4229460
7518350
2111090
3152374
3695907
1861847
1418803
8920968
158518
1574080
625817
1360746
120466
2238874
5154804
9675300
3411935
3584545
1776079
221267
9607995
5174079
534177
1961941
9625473
1855075
1991596
4136760
4420455
2776627
2692783
3787282
2656114
4975716
8243099
1850854
2415674
2186602
1657677
5562813
145368
3341769
1179377
3304352
140304
1143172
254175
2196686
1712890
1823771
1493373
2314629
4816681
1611600
3461608
6821517
2681597
393556
8620366
1902702
3832281
3451130
739454
1571859
623388
7348400
1864357
4791290
3749107
2891016
4428514
2469793
2292984
786527
4985131
9570155
2519489
3410233
4247672
1751647
3510957
2259557
6329296
3757087
9374660
2384464
2635116
2310373
1204567
4135982
1949985
1276862
5625900
3127576
1504076
968062
1442791
1340545
9749266
1511043
4356491
6120058
6730732
3984947
3954910
2906085
6333849
9597695
1933959
2536299
1817839
2188928
5164730
9589946
9860370
1326145
3699897
9915348
1305784
1580694
8500763
2476579
9858622
3785044
140094
2190639
2319889
9237210
7999272
3946785
4427602
1306761
1987028
7798707
1614761
256589
5215317
1181889
113865
7188648
2941471
8884350
2226703
5731355
7794755
8443007
3397910
1880709
2380715
1284556
256664
1261640
2977855
3977737
236116
6733709
85254
2152635
1499719
3307158
1337028
1590027
2373603
1895328
1749949
544679
1105535
4681871
2624173
3734863
8555331
2447183
1792821
2113327
1616396
1845690
4278068
1519121
5837155
7203307
2506332
1715123
5675242
4385919
2738491
6211414
3598158
2664650
6687462
9444225
6407002
6894921
2200846
7349360
3807195
1220976
1954946
1446599
5544853
3237200
1348273
4438190
2938064
1926733
5607179
2981779
6139071
2627116
258610
5991511
6985100
5518714
1149398
1881633
9194148
1323148
5167439
1372982
5497031
6416432
130001
358585
1486765
8366117
3940421
4946245
6702881
333914
1244288
2664282
2158021
3389609
1435062
1187904
1664812
1946961
1707452
5458264
5521232
2990123
1133885
2327912
2379295
5527142
6420562
1668050
321081
1611208
18811
1229593
3848702
4198540
8106055
4503661
1205622
298743
223959
3996547
5114309
5994290
5512898
6759887
5511787
8967510
2823223
4756493
3191236
7319285
3392680
1555016
8796795
3135118
7643347
3182054
1508495
1530962
6700596
8756998
1650817
3513164
1667560
7547431
1314049
8665541
2594119
3984645
4793333
6480804
5554511
1701901
1963017
1980340
1991329
6736539
3524495
1888573
8287211
162480
8215714
8220768
2716719
2308443
9437677
1774339
5379643
1561262
2892834
5173681
1929716
5295303
1153705
1386554
2965852
111692
7173079
9817155
8206607
2989742
1305405
736490
1729870
2685697
3729622
1239444
2332716
2524848
1392757
4175697
3829678
1787619
2438807
1417309
36105
12953
7988640
6218479
5570743
1945117
4985879
5901085
8365589
226216
2429940
1189666
3823781
8699506
2813463
2789434
1619133
3515135
5732926
191102
1982918
113277
2848550
1154436
1401565
17075
1734437
3305963
1867229
4470243
1643713
6920037
483064
6549509
1368139
3422274
3833728
4529204
2599636
71171
1217632
2433031
1822370
4204026
1911887
1942719
3334222
3709117
3787686
1728724
1977859
4426309
1257805
1521545
2993318
2467458
3515916
1580289
1193623
3144511
6327774
2509004
2657716
6785050
3765836
1255205
229569
2880140
1487183
3764243
428790
4712270
6207015
7641096
1438344
2424361
7907148
1242981
3299908
1327740
2777090
4751727
3622246
5547202
2968394
1490828
4294614
258827
221219
7632354
121575
3791677
1956569
1903364
5496836
4736137
1413902
3621399
2641888
6914798
2294614
7281602
4508231
4965686
1816231
3250819
7948339
2182198
4465892
380387
2274315
7141173
9750674
7350499
8538785
7316423
1982004
1745168
2471194
1740021
1660307
2129381
3435413
4503862
3726001
152867
1652364
1589011
2910053
3833043
6413097
1770740
1131804
159777
4769146
9625493
1439235
2938182
1378164
5150708
6866744
9358475
4744382
8844748
3843987
214589
2984310
1110504
7257963
3571847
7293426
9379144
3155311
9714610
8321482
1267527
6762258
848728
1847949
614056
4803992
1214677
1470387
6105083
3201947
6864505
1410870
9159057
5313288
661492
1659228
820600
43046
3756338
1558461
3681471
3860226
5933625
8424542
645627
9877806
2808689
3169143
1246508
189187
8276308
1256763
4460011
470112
2340780
2868089
3770886
1236114
1789914
6180810
6242239
1840735
1358291
1982274
4374997
1123205
7988377
8482977
8963719
5489006
1509513
1535776
3831822
7654031
4475906
9583186
1376010
362805
6750579
1830498
3768989
1419210
1419143
5565202
497058
1628664
716637
3658940
4381265
4887078
1695434
2990609
4603331
3847176
6696890
6947268
2947822
5718308
1735717
2254313
7352455
686465
1694694
3618924
4481952
2601821
2432943
729756
2989004
5486776
2573816
6220118
5881754
1203177
1778213
2166248
3818195
1766821
3419424
4347842
1110841
255264
2973879
2967575
8845480
1245390
2873716
1371948
1850290
2219762
2378710
3225051
1641625
3520243
8215402
1715134
4717729
6458646
3280221
6528691
3853563
4453843
4565172
1123128
1205842
3580269
1910827
2673558
885805
2261553
8984556
4448856
1333113
2859425
7847007
1332872
8219483
1126049
1512890
2668006
1498900
1468953
2116184
1322907
2736456
2607771
241646
952614
6377497
1774490
7119775
455987
333184
5194637
4587572
9644040
6813241
1899640
3876992
3357083
9469358
3817285
6103020
1951259
6533016
7447919
229152
1224806
6368681
257048
1288148
2175432
3196255
3757732
8895902
483760
8108516
1779685
3774576
7710657
8955616
1160919
3192149
312152
95523
9259636
7635327
5485562
1128351
1362615
6366751
7637313
1752442
9605258
1687911
2436059
5569027
420866
1178593
3651143
5700723
4337084
5599089
1356697
2677545
3320996
7973803
646027
2863267
1297948
1132894
2804804
1830928
5138775
5404401
1960441
7833215
6380984
358790
8361876
1725926
884274
9163611
1524259
6931493
2707114
3901241
184892
3413252
680774
1573840
8360135
1526754
7591415
283961
1430790
652667
4334653
1428677
3698522
998593
1967279
2439500
5841342
154296
320775
9284779
518086
3104641
1692637
6231129
1628107
2210001
1572745
6307504
1829449
9294952
7820159
4435747
7326308
7322144
3938063
1919264
4430497
4582073
1839791
6659040
274450
2109958
1279641
9632189
1393050
2339919
4546824
1575459
2705985
7228445
1634308
1642604
1890789
1716594
166004
1980161
3456834
8435966
1362652
3369728
3569539
3332183
8868085
370286
3819642
6143216
7990886
7889286
6324281
1682976
8751411
515497
8629554
282244
8742007
132744
8114691
2990341
2935902
1225607
1908446
1290469
5630049
7858343
393972
3987608
4208583
3720117
1611263
5187211
8808285
5771053
6544364
3127840
1992608
1296804
426460
4563334
3657838
7410607
6580223
5112543
1849792
1484613
9102920
5599263
2625185
4761655
1909328
3305030
4711791
248971
1502452
2464794
5212570
4499526
2284017
2155575
3674076
1193148
1897953
6660194
7768068
262157
2814905
1155254
1463163
3276348
2661947
2719271
1473357
351937
4121420
9548778
2205282
4348448
8771940
4138999
1258300
2450071
514814
4674460
4968864
4545199
4476232
1924236
5821422
3263368
6278588
1842026
251441
2267996
135790
7251115
3574684
5190626
1155864
7355585
3432952
6227450
1107768
6406984
119744
9385494
1261005
3332360
3931492
9814625
4100055
1694808
2129340
2167504
5155733
878720
2917949
1411028
3438726
8821361
8626232
7783027
672585
4858603
4457154
3161878
1705734
7981668
4118288
6688835
9445360
4855245
2900500
3624779
5275007
1861417
663257
3437502
9166390
1445099
6894027
4310476
2108660
3242125
1554444
2112667
125807
5425613
7915937
4344212
271871
1662847
1786126
1840694
2333641
357078
2875778
1923300
2871983
7610677
1419420
1928953
5851865
2350000
8509324
2534391
5884659
59785
4950102
8402207
2475243
4921929
767670
2387034
2111451
3385434
1727434
1606535
667518
2610750
5200062
5957042
8924664
2338105
2630545
2196832
1459825
4607367
8159029
1576641
6592162
1581183
1788048
1526713
9680896
1574329
24971
6494483
3424999
2405732
2844003
1513413
1394930
1193435
3171275
2555512
3981623
9141315
8615887
9107586
1561041
1385602
1928553
1989141
4954909
6699488
5886290
9839880
5106610
1611063
4656548
1441259
3892743
7624575
7734238
2207868
6689825
9337381
2390028
2197386
1463948
1406058
4283870
6173110
1500022
593033
1298460
5481889
9448689
2220209
5993862
5192334
770453
2512647
2282774
3759375
5384076
5325609
7103468
4614208
9782462
6686524
6230442
1211231
1418734
2950527
4616835
1775065
6909205
9420454
4763974
1344191
244464
7341559
2268506
1732290
4587387
1556802
9732504
7754241
2788260
2395764
2245373
2570641
3765961
8896568
1335954
3880771
3664211
881235
1264775
7534271
6768258
1278966
2753723
2365345
4492326
4280075
2948042
5773572
4614353
1123288
8930272
142934
5880960
2697932
5790438
2385348
269131
4277024
769932
1154871
3715210
2950934
1631707
3930286
4110337
7715780
1752954
3563224
8118592
2864162
3283972
6886620
5387105
3986561
4602386
3213703
6605733
8391212
1184232
1168350
3752735
7553542
4996774
5265052
4664074
3366625
47883
2473197
1232950
9148719
4977250
1915405
1751439
166829
3995843
2948831
8530936
188227
4168814
9461711
2964233
1142079
1952911
1979641
2950568
6669437
3229464
6341500
4860491
260411
2744635
4318223
2933034
1889063
121753
1489653
436329
47637
3546254
5332856
7342631
1388656
1397469
6514328
3853433
1387107
2666195
1317130
578558
1498061
1446876
2745184
7528460
1243094
1470769
6855056
6912022
1621624
412120
2520109
1306551
4608897
4397004
2392554
7635073
149431
6566484
6748393
1335081
1381539
1125599
8695483
948759
5867144
6496088
3169131
4396288
3589849
1763181
2608352
2871655
2975913
2713129
1589741
216113
1405131
2523257
24338
7796360
3428148
9587576
182368
230356
3815194
2446646
2307755
4288307
8501754
269155
963076
7698551
1193875
1269273
3546249
1512246
1290428
2862450
2447073
1648321
1726139
2162975
5403060
6903900
2185350
1654490
2902514
1124131
9145104
8316107
8759214
1457736
1844418
2132289
213743
1516693
1619152
4338146
5333530
3950029
4131503
3983574
1249132
2586033
142567
2784235
431835
755558
7297474
8577268
5947251
312579
1497981
4247153
4756810
9332856
4486704
2658079
2258319
1162851
7513451
2635059
2861704
1862492
67027
2160289
1512551
1902838
6179597
389790
615191
4246138
6574270
8368227
1603976
1662099
4460531
3951777
5245742
241392
5307423
1221607
352311
357029
1266315
4128583
8969036
2217981
9438411
1888983
317673
7117644
3603519
3697573
2806630
1776882
1300534
1848062
4292132
2885000
3206554
1799477
7942317
2937606
6129801
3959149
2503795
1449349
130341
4237903
1953190
1425289
1703781
3650486
2195265
1894040
5594942
331699
2268615
1130361
3794555
7803900
4581233
2505374
7273849
4213296
1996169
5644111
6647857
6158013
8764507
9961586
1743761
1771795
1202295
3139125
1125861
1715778
4979056
1976399
4368267
8389423
2817900
1348666
5419851
1330006
9967157
7802278
3656653
4787132
117804
2544738
1389659
8444103
1217738
1187272
3553437
5418693
6814794
3974005
8191050
418673
1424926
2430908
1458786
5785810
7432012
4370663
1135313
1183328
1925152
1930352
120241
2306791
6605510
4780547
1223496
6778339
3221878
4539883
5724712
1481317
1453985
1769515
8462031
4250553
8289427
1784209
5728004
7101265
1448604
2532090
476785
6811671
5436484
1144044
4359494
7781170
3494261
8408369
6991942
8993192
6103886
1323221
1440696
2113242
3124607
5125950
8466129
2155981
2744358
5943062
8173569
4411512
6348885
2528127
4795614
3697525
5611705
7962821
6870871
1549808
1321864
1900750
2188755
3776964
4349366
4311153
3116091
5907525
4613309
4603915
6954212
738143
2758842
9508863
9213507
5405559
1524392
1614692
7862556
3405732
2409419
7568514
2209990
1703174
3645032
4431567
1804053
4253914
5463635
7785011
2681723
7621339
277347
780968
7784617
4433915
3923122
3172724
131604
99973
3166210
2644435
19527
2440740
1468692
5847565
1389859
1140483
1295394
5555785
2615502
1114067
4153474
2357039
1548727
4313399
5620180
7645567
579819
5593733
2449474
6892488
2959021
9868782
2597375
340882
1758750
1145266
3276005
5750831
7913488
6536119
6150323
1222254
9590229
2939479
1370904
1866019
6828315
6742188
1979314
2444593
6570794
6789268
2644490
6992265
5963799
1396234
9578348
5977464
1942214
4689020
3399917
4589466
156735
5349557
1646547
4279275
2710480
1418359
5363787
3135012
2225417
1720629
3850990
1873726
1211880
1644875
670242
4376671
1938449
8982821
4963215
386913
3922204
2704626
1662088
590749
1823810
1866477
3987877
4283236
3916757
4558838
1977567
3488537
9454366
2849466
210267
3536677
9433334
1122282
3525103
4400850
4625007
3637204
9354912
1693544
3677292
181545
2122401
1301284
8837078
1646578
2506029
6906600
1737287
8191008
2404784
46688
8557484
1309928
5755006
6685526
6509178
5332906
6184567
4484717
229685
1475466
1954845
5732170
1733294
1806470
5287
5673688
4728585
7830760
8480534
7480443
6256965
1293292
4837368
4953742
9482825
5222896
2609826
1130078
1731734
237692
3190428
2645273
3456081
2546699
5500591
4490389
1945655
1225963
4622371
7920812
8158880
4747340
1631634
1970191
1643162
8607374
3277677
2910010
2441492
2510786
2232156
7508040
2569587
2211349
1972071
2484502
1362384
5432355
7418565
3236511
3947197
1977179
2653350
2480865
8299376
2749812
1276567
8739961
1886939
3526631
6380892
5783096
2137973
1586195
7897608
7747097
2245401
1572386
1977827
9532750
56315
8998866
2698345
4166248
1499665
723146
1761583
4266234
2413592
3254570
2155019
3646781
5422551
2145386
8848308
4869297
1741191
8406778
2825841
7655124
4987808
1493546
1882307
2616445
8504324
8529180
2578676
1112897
189693
2188438
1398546
3845515
5312954
2101329
4714392
9584372
3412027
5491862
475384
3515796
2714795
1792610
6860423
116425
2222726
1398279
3808417
340988
1779590
774889
7770044
6939310
3579411
5894243
1637292
1509721
24454
3401669
1101706
4990787
153809
292017
1211096
1919300
2803462
7278037
1768713
174674
5695920
4358891
9882933
2940159
3925756
215936
1511073
1445331
2656623
3732374
3479610
130653
8358643
1677194
6612538
241937
1594390
2629053
9151054
1165902
144683
2251320
2811849
184738
2964972
1109832
1477028
5879194
2711546
1422161
6962903
5452826
2938836
2787489
8131872
6899998
3224930
5932505
2912203
2406912
2380496
6152724
4764785
162832
2508265
2910882
1212908
1661800
8519940
7142701
8741712
8767967
1444626
6907614
2112989
3628808
8564006
2946107
2718783
2307552
4528330
1715416
1899712
792753
4548696
5664383
733139
2671217
1879926
7166960
1456119
6506994
2215897
2400999
4857
6285499
2215421
2950536
9820600
5809001
2602100
1200164
1492268
1680769
3693713
7215261
1186196
2729712
4423870
4279204
7569783
4694026
2149577
6744683
4976332
5380459
4115991
130523
2101054
233431
2580787
1852861
1656062
1140458
1667854
1590174
6463984
3185973
210910
3969070
1880413
1763528
1173680
8780380
3699739
4382620
6599065
2355680
214615
1884531
2244727
4502243
1103809
6900044
247171
1395565
167443
3912418
1472487
1991793
1184988
2586616
3967627
3333209
4417190
2523866
2600196
1523732
1750438
8650525
5385152
3630470
259735
2874802
176715
1181634
8777724
1670341
1759693
154062
2396210
2175579
2737619
7274778
1232324
2334702
1691997
2735191
1482094
3617604
6762601
247363
1470754
1255733
1239901
9569671
2604450
6507546
7354006
8169303
1483154
1599123
1295389
8943608
527777
132253
2769365
2809623
9356441
824511
4822572
265176
1999678
4354645
3951978
1718486
2907103
3534256
6106002
5430686
2813502
8412752
2469234
2718505
7502055
6809559
1183017
2127271
1842646
842161
244716
1212026
238456
4747878
2149496
123580
431077
612405
1702858
1669683
1120950
9131506
1602828
2272089
1521647
7873570
3718640
6259023
1843039
2653976
4433839
1957834
4524618
1770684
7582984
9247756
5975629
3294630
1837145
2625415
4899009
6531624
3595780
480653
2878246
2733554
7441690
4460912
1552301
2637896
298076
5114686
1519650
398052
2937880
5885664
9263028
2817143
3605236
8884774
1787509
1322436
2913091
4708784
1935266
1108957
8419507
7184873
5475735
1814434
7418718
2800081
1622332
3243865
1476206
3642658
1306967
4672521
1219055
5731633
3566793
7769498
2616627
3811901
1795589
4537619
1487040
1446703
2913547
2431539
4308186
2678987
7248446
117705
9515963
1457396
3713880
1922871
4611713
3820028
3222678
7832592
1889063
452518
3574787
1281344
5766278
3429851
6996022
5953823
3562206
530040
7390738
585018
2773961
1306430
2312798
8195144
543116
6930407
185355
2346509
7192243
314949
1920425
2240919
2773894
144170
520880
1307894
2217910
3906832
3574780
1512987
1294744
1222782
1474878
1343912
9565332
5199256
2410205
4330307
3801436
1697151
1338345
5463558
6841898
3262705
6819319
7889838
3717852
2226480
1138940
8648054
5157449
3304412
9552827
1506405
366388
1962894
1462742
6693330
4911282
9866328
9325981
3585221
184609
834024
5423795
2185066
9120053
299687
3813979
9736684
5913149
161868
9162067
7176340
1126579
3563676
625457
2309535
4983920
3371270
1536501
8716544
1631011
7806942
1118784
2210261
4832113
3389425
4779008
1550533
1679013
7975380
1809675
651022
1583412
6977387
1292865
986265
523753
6581696
264147
1193348
1232314
7639308
2870985
5572198
2764759
1747909
3506741
9909823
189695
3356823
9185261
9152066
2352499
2559514
124420
7576640
4403359
5333217
133145
3892590
1862255
3458550
5688895
1570074
834414
9554149
1901162
1855772
6802666
3892649
6355330
174681
4953670
1497220
4779371
1640752
288351
9182238
13883
2754051
1246433
554843
151290
1458674
533225
1741950
2710525
1336788
5680733
1974110
3591524
1528197
1339333
2724684
2996797
7240291
1568432
2688247
2920395
7184007
665064
1780790
3100944
546471
2922064
6422556
3317968
6203495
6553949
2710710
1239340
1927198
2491451
8199762
8962911
145210
3528139
4983920
8605605
4960055
5105055
8419001
1469759
774565
9107176
2831597
3967170
1922348
3724690
1122193
2206387
6421282
6251579
3120654
4539648
6621273
1645844
3809567
2325534
1154260
1875008
1257569
3146460
9966517
1720317
2251742
2599271
2306558
6862381
3659762
86694
4245503
1535199
111975
7153486
395442
1813947
2164660
9707200
1906967
1899775
3245807
2930844
8323755
4350747
6778018
1859246
1772424
2813380
5976696
1877885
5840431
1853842
1341612
7581120
1583047
4358458
116833
5716909
3275847
1252067
4278130
1649979
2559529
3641466
2671847
6260657
2917558
1132876
3461149
7829453
2578920
2620805
2258528
1201977
1380198
1308256
821085
2690739
9255720
9413953
666313
3642397
643034
3276585
8102928
1741531
282656
1461262
1803096
2529305
3878273
338484
533210
2687959
1575858
185224
4365399
1314932
2589006
1438275
167393
7481357
1224286
2202657
1408112
318543
2340235
171537
3444063
8375696
2811203
3314197
1555215
228593
1274165
4398432
9504142
1251914
6993584
1801629
1573677
21038
1387302
3416639
4305134
8905888
171123
7486414
1435327
3411894
2818050
2227749
7428938
8610310
3722195
3498581
1355360
1445667
8307918
2453284
2174841
1234877
2388192
2292418
1770033
1785826
8940124
6147585
1793306
13821
154319
2518953
5472373
2609218
172594
4236103
1996806
1996803
1925695
21778
1466497
1546133
6116435
6708959
1141756
1124879
1224540
5928494
9780500
5134545
1188840
161504
220992
6170345
1663567
912419
1989357
2746236
8372054
6374815
1218837
8339718
669956
2132581
1110909
1198101
3362066
6199523
4632387
4866705
1216292
1728552
7679043
1472582
5309359
3808724
1716847
1896815
1908062
4922493
4705846
9816776
2538612
1320046
5566682
4509588
1123921
4184410
119040
2433062
1947375
3517161
2176352
8126136
3854870
1237696
8685119
6764474
2974351
4399599
937891
871351
3240823
244521
952848
3263319
1350272
378224
4866036
3942185
6955175
1626611
1164979
1936325
5103125
4590011
213948
2896855
7804538
1956665
6539289
6627595
1525119
3985760
1472349
1859169
2354814
3295145
1977641
1424684
1852643
4348775
8625094
1421742
7211927
9994850
793743
4602693
2964818
3954437
159092
5312024
3229670
5518585
5798125
1601777
1794781
2698752
7971456
2295002
37640
9455635
5598754
3790739
2626746
3481156
1422337
865905
1182512
2682613
2128110
1729754
2216237
3632835
1408339
9274755
3527059
7285714
2578477
1581590
2912876
3128825
116300
8806306
167644
3721665
1794120
8642741
4168354
137982
2405973
2190044
1488481
2313874
1886457
1531213
7194676
194673
3415507
1425194
1435029
1286504
1935741
1948635
9598289
7727072
4553977
3443028
1488276
5789588
3538156
8284529
1624577
4560671
3575035
179174
3930259
3837791
924889
5864650
4479795
8186507
2830280
4751918
2475922
4646546
1174025
5732570
4284425
8994655
2357206
7766746
138603
8705003
1914605
7126351
2742788
2403367
5569789
3309561
4343544
1115327
2981266
8296365
7837401
7361862
1558762
5967082
6402764
1967818
9682828
8133380
7713208
6456783
1648855
7422954
7948292
8574172
6730440
1625666
3763838
7116003
7789788
1346971
5267782
1470748
4593319
1373197
8161097
6264206
5541808
2994029
1370115
2118939
475249
3680606
3215106
3809425
3170298
3228145
4845368
529812
1966067
4462762
9626565
1281032
5617706
5968904
3299541
1730747
1127057
2391977
1112486
1707895
6334420
4809498
116144
8573462
7528363
6102798
1491180
4866659
3253330
7721344
2940974
4313160
1555351
4272495
1914131
5919914
4812751
369982
1709795
417276
3302903
4943474
2542587
2829744
1344596
4964601
1652213
1145462
3252866
2659883
4705041
7745288
7884117
5731910
5221839
5927595
4682691
1221752
5548586
7852959
5916120
132935
4359425
1372706
3157647
1738130
5460908
1351844
1862594
396362
110570
3559718
9907207
2125409
1478185
6772388
3932702
6554545
2758025
6472323
2699800
2971978
1142593
476247
169005
9925769
6843261
3558679
165339
1890098
1250590
9330049
7890594
4188547
4546368
4491413
1108049
9149207
7269090
2630569
1106683
6836446
1895405
2402078
8775550
3467183
1157190
199276
7365459
5209950
2996547
1816784
1254543
4372678
3157463
8635549
4989137
1556366
5618363
1613762
9906638
2192676
4278758
3274806
6122531
7325718
8303003
1307457
2171889
3973642
2179468
3314920
4946604
1394672
1753773
3291419
5569888
2421860
7320466
1593941
1946443
1302661
1917154
5934350
5903697
4565424
1697674
7148848
533049
1528191
1203253
286312
6597227
8906836
8367495
1219029
6694977
6866817
5310043
8144143
1424741
3244711
1452497
1468373
2763979
4586543
3704351
3853218
1197145
4975656
475776
1275799
119909
9546501
1321810
5245351
5788866
169514
6450758
5549113
2761369
176768
5300528
4988258
1141548
3605098
6450960
1755979
3832738
8521669
1875957
1292155
5256896
1387393
1294295
5665536
2363620
3136186
3160170
1844470
5135564
1450590
3970140
7143868
2850479
1983808
2753261
2190284
7806157
5729946
1364506
4911823
7121306
2296847
1287941
3405208
7674153
3592787
2403840
1687570
1195860
174510
6419363
6712425
3503495
3330118
2427965
1525711
1863721
9678381
4890549
1533382
3269800
3201663
7761144
797171
3149849
6633307
4179804
1292789
2366608
346471
9368718
2684755
293731
1629901
9709401
2790202
6442385
5100497
1869941
1808132
6817047
1535190
2854553
746644
1929762
5756874
3664729
5824480
4368062
6256027
6471415
6267267
2297630
4687348
174682
1298564
1178606
7689024
3684425
1714828
4547616
3400862
1121646
5540363
762161
154996
3968714
5378041
2650083
2454015
1198898
11461
4932605
4686207
1162911
2896193
3665329
3361682
3123799
144919
2622579
3730453
1977951
178116
1747806
5847949
994605
7909145
5461916
7484392
18178
1518852
762610
1743854
1539269
3692278
3407239
6569917
1695627
6908768
1286543
3982336
1869316
4901164
9607865
1486596
1665593
1900986
1726480
1827193
1228773
2877488
9280293
2306636
3835199
4993332
4224772
2144566
3900572
7322044
3769287
2678688
6931028
8592275
565060
1870841
1912332
4110581
6721048
363114
2247204
1510085
2188548
482906
6828031
2639261
348889
4722417
3518146
183616
3575834
1589271
4340096
4190585
7123172
4825367
7189305
1301724
71308
6458923
4226600
2594390
1763093
4901227
2802738
169857
4725894
2526529
1427959
2560623
1542390
9943780
1555210
1921072
1732310
6856807
2465161
8171483
3138032
682557
1709176
5924853
7867936
1418978
223908
35210
8903820
9324105
564025
1933802
8338995
544093
3203775
2123598
1160555
2319058
9974485
2822043
1297774
4586844
