5331974
2197071
1793090
1993999
1704794
9863333
3238036
8339900
9411197
1740225
1369683
4850579
1211295
731775
2253373
1426326
1452862
9101626
142719
8221306
139782
1827957
1928015
6630240
8773236
5418478
7487622
1566104
2412311
3970325
1622620
116240
2471567
5904416
4800558
1814233
4926984
4440264
1800622
7699988
6518859
174151
1809363
4174807
5392843
1169626
3593952
2302294
1991454
537496
949329
8895123
1866293
4637067
773007
2450694
997209
3360018
8945825
142902
1540400
2937094
8278224
2945760
3833321
2753749
3726185
2570037
9892289
3799971
4794268
552142
5639540
5936454
1294833
1463417
3947580
81667
7740188
1760658
6669061
151136
3550307
5120328
1766126
3453793
4603890
217513
1637396
2105985
1466
1596421
4329473
5176911
6959355
7756215
1149247
1920801
1457973
3425842
3736738
5531586
1635410
9867710
7734953
4723639
6523170
7462652
4383815
1908113
1614072
3117771
5701607
2251836
9406806
5361590
2668726
6796687
130174
1275030
7528747
6497620
1111477
3220838
5415451
2766641
1214775
422907
2290203
7100191
1485446
141952
6213477
12369
8267096
2733683
1106227
5770857
785542
4713795
1339918
2917287
132064
3418851
5618677
742141
4650245
5656351
2846449
6815226
2230917
870599
764506
4499819
1252374
8764241
6987368
3691284
3116652
1821760
1910036
7841090
4148007
3970347
6852882
7658888
1552111
1163527
270709
4833665
1866071
4694398
2513214
2564469
1237218
9373804
2112034
4420613
2699570
5171484
1255473
1545745
1868904
1802025
24131
252318
6482661
1690867
8505301
3955736
5173122
1453598
3808222
1530865
2561732
2918298
9567840
2769089
9726728
6438878
124189
1380604
1135798
2565036
2933655
1151119
4469658
3594909
177644
1590498
1622450
4688251
145607
6871767
1134502
2623888
1698422
3330264
9375671
2362462
6794742
1575496
3679013
1849166
5379044
5800980
2285687
2451185
3942936
1591921
1215584
1789972
3261729
8647628
3532095
1803727
8619562
9491662
7400313
4275518
274936
4810722
4454106
3397001
1870512
4198712
2230450
2107653
5826289
8555285
1352116
1823063
1361808
7292119
3462937
6249125
1850974
212034
5144909
1574799
7794763
6990170
3977032
7504710
1473238
1513479
696502
2692731
1617602
4889763
329419
6116426
9751648
1586378
1518762
6383720
7988182
1983326
3510013
3993114
5660943
1414067
3265183
1620852
2507941
8274200
6734115
440333
1667024
1290851
1671154
5691843
2989179
2138653
4932362
2924260
7736331
6875732
1613883
1572245
2839705
1759205
1245048
4379022
1885223
1500198
4106652
5356209
6316033
46643
3736437
1632867
494822
432089
7491548
2222996
3517668
6861019
33677
6928261
188349
6335861
5825108
2858946
4341245
8895278
3771113
3696415
8988546
1958160
5405434
3510863
7969924
7489682
5136684
7749505
3976646
6425265
1292307
8150350
2347505
7401211
1895107
2223024
5561560
4456923
6721559
8465233
165616
4940174
1125610
2344084
6577413
1322796
5772566
2850730
1874654
5431261
1322755
160614
7224656
5902712
83229
3227212
1148460
4978181
1122227
8217598
3766560
426515
4520467
4477552
3151782
2355433
5298248
4143605
2108666
3384625
2546134
3623616
3114410
7814809
8880242
3209687
1673826
5579626
1765453
1855327
9175551
9220576
8837247
3866063
2530967
2323323
5569136
1165366
323004
1891686
8552266
1106981
2354427
3972592
6229752
2543316
1637137
5401023
2672776
2309767
551811
1191161
1295654
117022
1220720
2454303
1652181
533904
5807690
4282711
825859
2755792
3375237
5747557
3454092
9309653
7924951
5821319
7884786
3912427
7613894
147940
4629789
5685364
5308543
1322489
2941551
1453080
1753109
262045
2677683
7994754
2765135
351910
1995576
1946532
1454920
9676499
7760810
2952602
1871777
1422543
2140086
4907142
3999540
8587368
6936055
1237413
2287938
781983
1266818
6567067
1349540
6801020
2525838
642811
1729773
4656778
332362
184186
1868300
9495744
1381515
2600016
1803130
7528926
9820785
15536
2449997
288390
7525985
1963319
4263525
3215490
6682794
162374
4986739
4555672
1535124
4190094
6300226
1997663
1725994
2388383
2150201
279800
4676639
2543062
1627856
3521820
1114626
1120205
1387766
3599818
1913941
9317153
1482944
2454965
1419608
2592661
2147231
1291208
1396740
1657783
997897
1580352
4840633
2527264
4706554
3959342
2150613
7416619
65214
2319852
2820436
1427711
128303
1103956
1446126
3499876
2719437
4567950
2974839
2728090
4452397
1892843
6372777
5424953
2902615
8897289
7603484
3512638
3729845
1594781
6917936
1585549
6765783
7988702
5364051
2319337
1521864
4705429
5378549
1620895
5750384
8308700
4336507
2188586
171618
6352584
3845708
4238200
4545292
24930
2704317
2413590
9259158
2264193
2433105
7228921
2735811
5750914
9940260
1681891
3291330
3686916
7918123
3193583
4905360
851084
3156160
7434651
4636122
2260059
1114078
2898008
3150029
2741984
1677285
6305892
3858676
7285189
1632505
1395124
2138213
1904374
6261580
119283
3935431
8845906
2890855
8501651
1465612
9618567
6407776
4876060
1642532
1928013
7949834
4501729
4749187
5331502
170951
5395303
2468503
2806143
2197751
3525268
1458006
1880406
516462
7991058
2608024
4897066
1391561
2239531
1649863
164044
1689139
6113494
5835170
7837177
2107605
5720770
2517671
4624511
1829187
8536881
1631868
1319514
4520110
3155090
1994334
4374743
1620263
8394559
1314805
2161997
2527410
2844909
4492580
1748224
6133886
8365540
1129679
3331050
5980823
126304
3357847
1955893
8206711
4279095
3748203
7143906
8250002
1640878
1247377
1849769
1480143
6807844
7582868
6603642
1840368
4145274
3802990
2328381
3479024
8510046
4704145
1220276
870231
5324435
4880657
1494542
1807945
7929713
7739860
1507156
1817624
1840988
8192686
4444158
6407114
7947016
1568101
7768586
4736960
2176295
173218
9513387
3994705
598756
3601821
486850
182356
6867153
6331346
4111515
8217587
6541017
9627415
1972474
1126160
213726
6484021
7374582
3324854
1582338
2156047
3359233
1463855
6107026
1328350
2501865
361712
3976883
2322433
3350064
9280975
1661462
2345427
3565433
3893672
4984036
4191990
2439265
1724899
1455869
8469699
5662075
5289104
1761744
9787771
8491278
719643
3691157
4333622
1684155
6649049
1271947
16148
4384103
3604092
3852333
1725587
2918148
5586841
1607009
1175938
3389184
1891829
4251453
2431894
1268706
2449855
1556848
1480103
1521677
1915898
1921714
1480178
8649018
7395427
1619616
2219908
3186109
4131745
1815356
2486958
1676542
4752193
6920915
2665306
9623218
3864176
2959546
259092
3210849
1951569
3237848
1573426
8323953
1537904
1654518
3551373
4454735
1599973
1651713
1233558
2558624
1230850
3180996
6565597
2194030
7354261
1965967
1715423
253674
1952723
1672569
1130559
2881655
5291610
136408
7303860
5388864
2230580
5992053
930314
5439359
9262962
1141387
2689880
4660369
1849696
112035
1551773
3789742
2434579
1791695
5663560
3192613
958566
2510412
5584783
117081
1557969
9646358
1827489
5951126
1608331
8610876
2984572
4529339
3803867
6296423
1348956
1750012
4504050
2858607
13294
3941643
1127977
737629
1829034
2108341
4765536
1232010
5972074
487039
270358
1551832
4667607
9606488
3656076
1101557
5331250
1360515
896811
4398261
8596976
4559913
1292351
7759077
1986490
1931875
2159391
1339005
3844414
1478504
3127509
1534068
4463678
2491860
154693
1130457
1994737
7120732
1908109
3426378
2979251
2566779
1465814
9263792
1693074
994955
4217175
1117586
3997160
1186257
7741785
8839582
5907510
1594692
8211477
1274789
1186696
2718703
4828064
4662581
8105150
4623051
3201286
2893485
9269305
1476507
6338348
2603138
1528558
5403193
4898219
1921764
2293060
6898463
3757484
3776506
7164842
1761784
1669654
2221869
4511244
9670438
6571307
9683422
1584712
1130963
2521563
6749326
4730955
1951187
1185435
7929188
4293756
876504
143106
1862110
2176053
927619
4662436
4552878
2193109
221199
7463557
1595599
4962818
6220881
1182767
5573788
1391317
3236756
5222585
2426491
8579563
7499700
1337374
6377550
6218467
2776312
2939743
2241206
2401627
2408714
284015
1712598
1309986
8474204
5153269
3330122
2569824
1334924
1911017
621941
4340496
2418683
119533
1298495
2172623
1295345
1603860
845796
1472800
3716703
1833652
4675925
1944129
1417656
2920331
1488324
1552954
2948037
1265274
2668176
1638588
1326864
1888711
4176204
2642365
9462931
1923478
969277
1190209
2364301
294105
4361124
1169504
3308430
4641514
7654179
3466956
950156
367338
5639338
959517
4638660
2928040
3349873
1696889
2520464
1115207
6720793
5135229
4137038
1343745
1413007
9623049
5468711
3584265
7469089
1332692
4256332
1213394
7778621
2911438
4936450
2995856
1654754
6445175
5565472
3346101
1805353
1785148
1134563
1970707
7390408
7603909
2507545
1987991
2937028
8751538
294654
2931967
153440
2396410
8430321
5144551
3778904
6548800
5566229
4880522
2994236
1595605
1923376
1676239
5514558
1847846
113152
5536047
3271194
4326328
1494666
1156522
1898644
7163680
5894965
1824685
1961817
3570914
2749396
5792823
5826642
1394548
2102266
962401
6867748
1722942
277406
1787104
7712121
790257
486375
3624092
8335523
6775401
4605651
9700644
483155
4137645
1706660
5746480
6354088
4444383
6199843
155565
1863848
1801826
8964539
5397666
543746
1784879
5155496
1823000
3490529
172442
4894888
22133
4416654
9258992
5842240
1567966
7943179
9763942
2627776
3395426
110091
5159089
1168813
1486549
935171
4169986
2486525
1454896
2249939
2766601
2751856
1234270
3903421
4583391
3568892
8775756
2136003
4679450
2625028
2587277
6186251
1807898
2647876
8320101
4710777
1221140
1895017
1997177
3295312
1967195
178950
6322385
2436346
1776306
8922114
3842379
1879626
1312811
1750250
4670665
4207582
5388870
6263653
5444885
9433613
1525788
688478
1385681
8620971
3100054
4130897
1206161
4518657
9320290
1971070
7133014
1782190
5632153
7290508
482090
2117273
3529761
3463871
4738221
7392639
453444
32559
5623549
1513394
1337420
2584101
3285601
1586314
4455876
7261474
329685
6689943
2921425
9618992
3848753
5995026
2129734
3264535
1542444
1730741
1872713
3687177
1602648
925950
9781656
231934
1228054
3895847
3205217
2461042
515059
6858439
4775222
9138725
1578256
9599682
2918502
9774223
7786473
5282800
1642226
1300423
4775146
7727668
463159
1253754
3765928
1436106
3217436
2233055
37693
1900153
5343850
4703649
5157712
2738862
5283993
2556392
3908096
1387319
2253123
3603388
4163525
6114067
1316384
6368103
7581318
9282916
8688827
759968
1699702
1260896
3405070
1403174
8723252
1262240
323633
4376332
6429620
5235421
1210755
1338353
244222
2685203
5433162
5277758
7827936
1777878
6766014
379946
4229168
9712847
1494757
5314923
6249359
1836213
6825804
2359138
2962704
1492849
458355
2161408
585900
3892547
1753217
5544747
1749804
1972057
8813830
7483890
3795469
8620452
2404127
2248864
167261
1344543
3655084
4481604
1992788
4557153
4638730
3797183
2926748
6407537
4187118
2608466
4146495
1597031
27208
6444219
1323083
339738
4214103
3677583
1675257
1514836
2102473
6441581
2290633
4662736
114636
189437
7549139
1588970
8332359
1293875
7410553
6604521
4432584
3541089
342726
3159951
1573177
1653778
3280275
6900942
6195303
4359720
252950
3490470
245166
1234075
1905311
7186989
144447
3483175
3907256
1799894
1996818
2952632
3435963
2176608
1574821
67384
6448259
2782030
1718626
290237
4529549
1223280
4552909
1184799
5285861
6121532
2435743
1898172
1693382
1788799
5656696
6149816
1147935
4350405
6396707
7234580
1576049
1239505
2828364
4619068
782066
1621243
8325444
1226293
8690119
3883086
4288515
5580366
7256707
2335587
4511501
9775174
2538924
1216560
487682
1369537
9111372
2620240
8963805
2793938
7451308
1432139
1863254
2760431
7245930
1317908
3395002
1422292
1596701
4317940
5325200
8283814
9539950
4517364
4739237
8607526
1242354
622971
1859164
8589280
7580512
1825797
2643974
4403343
1944983
1938748
5651465
8448086
8752791
1891818
2185589
1807574
1714920
7458593
9716791
1584469
99925
8404769
1162406
5889775
5640220
1390597
1295560
1563747
6612551
2579802
1416122
3267948
3351173
9459349
1530003
1389176
5822610
2388722
4526907
9958580
2572190
1494439
4960099
4157881
3831524
9404921
2331760
1452542
5825060
1903304
1800755
1788739
1784844
2554649
5839569
464948
268979
8971149
8309903
1826631
6569866
6765769
1300769
8555014
1369411
1870258
260998
1136750
8548360
1575675
1830956
1912485
1734625
4370032
6543346
1966341
1865827
3223875
9286703
263235
4546781
2610951
7763398
1566407
1656611
5986479
7615829
2795900
7605695
5150974
8751013
3791490
5396447
3339396
2234249
1483681
1380089
137976
1432485
4955536
7211934
4120281
6992094
5687585
6441247
1905539
8109613
7234130
1379293
2132162
8887794
2881862
1911188
5208899
2163824
1422000
2324393
6546168
1521165
1246656
4312428
2355443
2940164
1664181
9977073
1753342
5686062
158694
1520667
5745594
2628507
1306507
4757726
1826950
5423062
5353451
2648066
249021
1143741
2863860
4300868
8697317
1308505
1896243
1871944
1513314
2403919
2836440
248926
9322083
8974937
6861989
1387289
2424617
1353272
1536667
28187
1787921
1302966
1213916
4417722
1355166
6121768
5520041
9789364
3392054
1485021
9152576
342562
64400
6484258
7967079
1429433
8257386
7220172
5405393
2133683
1888288
1366068
6517545
8229301
5581335
4459197
1107533
5953895
9596709
5252386
1883695
4540860
2439466
4741146
1889941
1259794
4769450
4346523
232475
2462426
985412
216377
2874053
1782705
1661788
1813894
4535151
1914031
4769207
1419669
53982
1406376
1687388
2669582
6956146
1129523
5339776
341294
998678
1369711
5949900
3731520
4829430
2486715
1225763
5687887
1906591
8252498
1303353
6216221
1812364
5795372
5555167
2241793
1663255
2967829
3114808
2528963
4458228
5313310
4684198
5802881
2394178
2828443
9151673
1422525
1544136
1498844
8867188
595955
2995595
2589075
6765060
7856043
34444
2350011
5769748
3900616
42932
8416692
3222636
1976252
2529819
5990770
1316245
1585560
1622196
1706949
7390857
543937
1448710
3660595
6312838
212956
1409440
9883646
5961397
3117695
4198359
1395232
52785
3127107
2793830
2823543
1941385
868782
1277184
5468414
4550094
5462922
9854713
1179767
323743
330791
8540184
2740530
2962165
6587616
1351199
2324957
1336935
6314153
3334299
3635862
1685608
2952856
1185824
2172672
3124246
3699838
4306406
3216766
4226954
441029
1123845
1484020
9458926
1796427
6145716
2700702
8448489
1737624
1821136
2434615
2602127
848871
9159973
5607616
6723172
1704764
1977087
1570794
7641465
5571524
3791778
1245890
7870982
8789032
1357255
5307071
7284332
1559597
2858169
1514056
1424282
5755096
4556483
270476
2616196
314241
2839922
3483551
4435744
1586689
285852
1171950
5637120
3392928
7533594
8286442
395812
9268912
8953576
1147758
2359614
1696676
3313072
2191494
2963571
3560489
3839172
1130715
7534355
3514515
7295696
6830828
1636793
6732467
113566
1541490
2337845
2568808
3758001
1968497
8975048
3990255
2303732
612258
2347875
5158373
1990135
1335389
3651610
2263072
1812094
637006
9826064
8392629
5439306
9516572
1543272
4611582
1412234
1357261
1622789
6846064
4851197
4455575
1599888
1405577
4469823
2274220
6499115
1382181
4195107
3901845
1897577
4187324
3127795
1267579
2668534
7782701
1476385
826199
9794597
8937875
113394
3872786
2500564
342135
1128583
2909774
1679239
3515205
2349869
3117985
3864469
3176834
8393320
2650236
5423247
1641123
1901128
4591212
3588500
338447
9921445
1220157
2116412
3458385
4897893
1883269
3312412
1247683
3441355
1598903
4528762
9977567
2862819
5136866
1236717
8886207
5783158
3711884
2679205
1398319
4297542
5114679
2568688
3151742
6392978
2722129
8552021
2753888
2643084
4219544
2292885
86553
3272761
7218204
1670425
6737340
3813910
4754599
3601983
9803904
2606791
1702434
1893044
4838161
1844217
4164437
215014
2341258
3646171
8907374
1214636
650688
5920836
128693
520479
1880184
3641391
7309167
9317476
5556746
2688076
6267041
186321
6325285
9587715
6682900
2574743
8633255
1497096
2543600
1175586
3443634
376772
7400545
5903864
4357437
3813277
6842796
357662
2419626
5904749
3688608
1477775
5622057
1842488
1409289
1255781
7894625
1296047
9108852
7926681
1738256
2906740
880589
6851072
4260350
8445681
2360140
5451332
2988248
2530606
7779415
2951786
7186561
5325935
1900167
1807202
3288574
2745699
2459190
4647010
262947
1167562
1591431
373546
7377044
2812389
1887430
1449400
4437371
3935568
4641063
1530620
239052
2953725
1189721
2238889
2922054
2233253
1578049
9717987
4255177
1850797
4819610
4732585
1383546
8873184
7607003
5278253
328432
3635214
1734406
2450551
1861784
697443
9155538
257694
135022
2242623
2274399
2840633
2484486
1153128
2111935
1229239
4378195
755516
9907839
2521136
1282877
2727473
781045
2744922
2699880
227209
5820036
6723447
4644715
6413395
1841360
14480
1346212
869752
2246187
181009
2671974
8929631
5467373
8526975
1293137
5787918
1664137
1568024
4850530
381393
3110312
1490673
1458588
2984668
1755750
5486978
6449587
3704484
453070
6216383
1134344
176975
1433158
7538655
1856813
1512861
722975
1547196
186530
1704554
7920044
5986051
145352
6445791
2707204
8858834
2262994
968766
6337760
4201810
1260840
4303679
4353259
5803180
6947926
31827
2798740
3860172
2211266
1946183
2309462
4832669
7757342
6491205
1761162
3328996
527955
4190741
672238
1112430
5861461
1138300
2697948
4724013
4622889
5431869
335097
9941586
1441040
1132683
5738046
6428217
1737683
1642649
1529656
5350436
1126615
1718500
158677
1136444
8734966
1411132
3364528
647168
1839459
6663075
1941118
1156593
4492770
8915123
7306741
9366809
1316541
9992285
6722900
1930028
4615859
1259624
1229177
7811535
9737116
1835709
1156747
5686489
9876389
2897938
3286004
1592211
1778390
5773032
1366038
3703216
7533051
9812134
3671307
5560376
1338634
7693912
4523034
4357
1858084
5200530
313256
1177612
9835869
3893527
1739956
2971543
2486722
2184018
182229
5902084
3275328
8190779
1912982
4299084
1726045
4408339
2567964
4361464
186334
3819513
6683166
7841368
1990727
2130078
2308169
3727740
3944327
3961579
1303970
4810707
1997637
6824377
6770010
2380587
3305008
1404431
3822346
9744634
9873297
1865372
1588837
3597532
878459
1754391
6334878
2318074
4148597
2904392
1426902
1494855
1593382
1685870
7420640
4704218
5169414
1603373
8718173
1941356
171170
6318162
7193241
4775607
4390014
4101016
27892
8504528
4876479
5729545
3173293
5901741
6831945
5507802
2841120
1451029
2747275
2761691
4602068
823132
7462252
1576811
1265753
6277501
5739501
8380258
213141
9871824
1104313
1670271
5410671
1517377
1353832
2232757
1833371
1968032
5255756
417519
1251449
4651448
2416687
1956176
161640
4400795
2346034
1380518
4877641
1809188
3313814
3372402
2271660
6295894
1554411
8679009
2191053
921611
2954560
1499463
4944781
1289801
6515387
5914861
6767160
1407110
361896
2258673
1862198
2910811
2890457
2538632
1500542
2261787
6959545
1245140
3996342
1753684
1949593
2193710
2958466
2429196
824007
4745390
2520011
3564436
2366188
3285684
4409867
4826781
2621274
1180277
2812913
1225817
1534630
146893
278487
4208213
4538244
188604
1930712
196957
8969210
4332123
5874864
161897
9898738
6851698
4444973
1577489
3677116
3741701
871724
5117502
4121495
2941165
8537814
588320
2563960
6382494
3838651
5446276
6991783
1605108
2732663
1609607
2938981
2876689
247175
8510869
233374
2337087
2705177
3707777
4250324
116095
1666089
1695632
2869407
1763429
1437865
3942184
2872039
2481215
21738
4409701
9454687
1395071
5384698
1427114
1547997
8674864
3404147
4125695
9220019
1390147
2834553
7343935
5576602
1178577
185479
1544383
2418845
1522538
1377589
5740262
1648114
1170274
1159739
8344692
1173542
5175458
1479130
1839343
4469931
6289195
2220773
158832
141428
1418249
2231164
7813973
1795414
5638658
332779
5340861
2837708
745978
8507736
4452830
1554866
7834598
9527318
1978806
1658555
6499139
3468767
1500781
5970920
844488
5381313
2710958
4444554
8733545
2939172
2773601
2866941
6398534
3421265
149535
4347781
1297523
8511052
5498229
4521085
3282728
2848566
1442675
6961536
2225234
7605134
4819446
1787733
3951218
4153324
1499361
7851817
4133354
7764092
360636
2503128
2608289
8316881
1351015
3171595
6223921
1451165
7295477
1902614
7594916
4872920
7324469
1946590
3968088
2555327
1912751
1337546
6734631
1420772
6982136
3274498
660648
2907138
1295483
6777434
1391406
6609594
3655229
2961245
8921128
2178001
4482121
5192868
1745880
1900263
9492906
4849152
114813
1719437
7850945
6427384
5818123
2794240
8642639
1987050
1828266
5957128
212415
7776148
3155800
1147436
1129084
2707694
4983373
9310556
1194816
2532906
3112343
8720638
6959506
3379568
4331452
1140537
4369310
1859587
8635960
1148652
8150569
7421965
9257492
1642648
1656827
5983285
6215301
2880631
5932588
2992256
1324968
1990666
791378
2413964
7819482
9485120
9338748
5700772
1304168
5214986
5148429
3425403
5745753
3584901
8975782
2659412
19504
582690
1236856
3427696
2771960
1610617
4732093
2375942
4633049
2783071
3538132
4871438
549633
679262
190463
5331567
6262296
6802053
333337
4348466
8562028
3255485
1385280
3205379
8781696
4755259
9506214
6663141
1426581
142224
1639308
379667
8976366
3242423
8261267
1778632
2670336
416073
4580223
1147433
3850013
5552163
3715872
5225567
5490341
1512528
2983969
1629852
2810385
2378591
2598377
1698661
4596459
3391893
1805808
2547424
2490942
2202608
2341599
5610378
7212552
1698762
1391912
5498511
2729873
9800565
1999372
3786299
644410
4641783
6673899
1354445
9700985
6438873
7348629
6138456
2188986
4303985
1495109
1986809
1452545
21096
1740564
3170035
7267660
5114857
4503514
4288831
4616575
6607562
314165
6458991
1488464
3768687
4120303
9283819
1496321
2110789
3517501
1660913
4411311
4846146
1425308
9387488
3658635
3419619
3194186
2553909
1896335
6260940
2315278
4756417
1543874
4898913
6876393
2419254
2190140
4151027
9214794
216290
1293338
1414180
4727526
1131612
6233694
2917057
6158151
1804048
4297984
7155210
9730724
1128119
5751770
6692599
1558010
5740958
1153166
6873151
2757730
4250240
1762817
9507051
1994549
2280456
1820348
186802
1108920
2827517
216184
1330315
1850000
591149
4302312
2974042
3504145
5961443
6298625
7834261
1914981
1731880
6558045
1948852
5355135
5149771
2640763
1683545
5281090
6913261
1788640
4518932
6198525
2215646
2460065
8659729
5645787
2145212
2797262
177705
2185640
474827
5473062
4151524
3313671
1146367
1299988
6408792
3221323
3732510
1852035
615890
6926677
2518256
6428324
4292063
5137587
1609775
1473174
6873902
178686
9732034
1538716
1801203
1639409
2260361
2752124
3297110
7960544
1282540
1688876
543593
2386013
2284753
1743462
6540275
1336800
2519319
2136328
4798605
1945597
2830219
5776836
1467843
125325
5136719
2594173
5302672
341950
492578
1778875
4150404
4127480
552394
3212349
1373739
5938463
1419624
2452044
2520477
3630173
1675993
1717295
2950801
3459338
7953082
899393
7427142
3395730
3546927
2919009
1687254
5678850
4291731
1231873
6134691
6484710
1987900
2312144
1888137
127955
1587304
4729930
6679648
2932995
3520826
4883292
2149928
624576
862896
1176011
816026
2877162
3248340
1399733
7738334
1582449
1346329
7510931
2279243
1555205
2620186
8139184
2582849
3141028
3608840
994883
5215320
6699979
866884
2812475
1738246
1623132
7365415
8268795
1728490
1976970
7548435
1477246
2439443
1687997
3259346
3741421
3298916
3265450
4747969
2136891
1326247
5407351
2740950
1419283
1619403
3391958
841932
2151578
4693853
1132399
6841136
1754047
756836
2950932
2417910
4587808
2540470
4145594
4131847
5351519
5568602
1530413
8834025
4788383
123557
6662373
2397222
1190731
7589205
2815610
3309014
4604420
5821192
2131667
314160
9548107
1171736
1829830
6847285
4894808
1157858
5878066
2857756
2717063
5420898
2364999
170741
4542398
1920465
4217857
5984742
324899
6681456
1721423
4550332
623241
1999810
3979952
1315356
6727906
8290345
5718930
2688895
1637522
5768418
4379260
3465220
333255
1642998
6952828
368743
2139261
8104386
3512274
5531387
525663
2382100
7129968
1859821
8119994
5353662
2342428
7622146
2930677
1904210
330018
8951018
9487504
2321439
2481336
8934632
2207390
1420936
3892909
2262330
8689046
4340136
1385186
1976866
6902170
5724104
6739232
4830932
1164846
286965
5312753
6653019
24880
1401995
1254326
1959518
3591035
6642748
2516292
5268270
3630126
1777869
589345
3315381
891805
5684547
1421649
1538216
2474062
5576869
7388504
4366363
7737104
8148382
3935434
5666682
4430738
925175
3680381
1504365
5142928
1168418
1963022
1666516
2652349
9665434
3759349
7573308
6461306
68447
1759634
6646454
2889246
5801908
5525047
1470154
4855948
2283501
3710253
5628613
3168935
3859973
5900299
3542955
5856293
4925909
2887706
7992749
1143080
3232889
1496053
1895974
1700973
9870902
540534
2536951
4791812
1617380
4708099
2817233
3809374
1699676
2759583
4790343
2327231
9929518
1200216
5987644
8335330
6424815
4675771
1756112
2200552
7297313
1752393
189117
1686699
3666772
2213127
7910565
2670316
26066
4766564
1237839
4745402
756029
1270900
3662031
4837112
9250461
1241840
1364925
2881061
1152030
3483876
3682318
7244294
8842261
4507298
3468752
2483854
3393180
181131
6227683
553080
9313510
2363529
1498103
6902204
4303188
6115943
4866685
4513258
1856180
1458046
6164571
5617966
1729061
9198462
3716505
5135896
3334171
1806513
4757615
1246662
1555972
2775961
1480016
362256
3872685
3509688
6924824
3330693
6945202
4708440
3481880
3557743
3743778
1911929
4772444
5281288
1451088
715091
1738534
9744258
1129820
1863791
7427006
4812378
2168024
6475232
6826281
9745296
5607352
1264545
624912
7830789
1380993
1764000
681730
1279693
4100680
5442532
3455352
1406459
6154442
2851091
3831125
9537040
1779953
5227599
2451971
1442477
9461828
5167606
6218855
1151732
4185988
4968594
2742463
2718797
4726452
4978984
6323399
4490546
5892072
1381918
1909082
3325451
3559380
7290623
249466
824415
390503
9702615
386530
9858140
5215455
6467865
284360
338104
2409358
1696431
6970566
3873276
3242276
985594
7317531
9923807
7718267
594409
4462802
3101099
4325915
6888186
2649237
2730286
1205146
371573
4552693
139911
1798597
1617763
1363494
6292725
1192870
9486819
2530102
195248
8286945
140320
1465622
2132293
7890396
1297159
3381006
2963967
9237515
3498506
2502041
3679300
5228094
4249566
2231463
2542282
339188
4947663
5274160
9995801
3180828
1536597
1518825
1625024
3610589
3594899
2490059
246997
5198028
8579589
3892358
6178520
1240730
1246578
3242933
1829586
3105369
7812486
1909905
9688015
3256056
7135629
8417001
3244342
9203784
1386640
3724936
3686992
9948154
3322555
4962910
6438107
5960797
9146250
3844799
2803752
1307246
2984646
1296878
2779024
3638864
7220447
1848105
2692931
1833393
1175054
6318739
164420
2447449
1179405
6626246
7626288
5417927
4776901
4358409
9845572
1304780
7357206
229851
4460709
7639012
2433898
1171133
7294354
1701596
1296838
5557597
1758579
2729336
5277410
978246
3799915
1361170
8516030
2665045
7890101
2107158
4418898
2369093
1639659
8652673
3515055
2640105
5689791
7567390
2846318
2237516
3975348
2399544
1867292
6173584
2507230
1964970
7117379
6367118
1639462
6633223
5751393
2420860
7954323
2995170
4997618
389255
1401060
5897573
3724030
8258185
2432710
8429280
8298726
3859804
4773652
2233307
2465806
3274864
6664795
3653012
166913
6678480
1779861
2290079
8753463
3741681
336587
5454993
8585383
619712
2553870
765444
9390077
3243652
4472121
1190687
3949737
167817
1935546
9900973
44917
1335845
7557190
1539112
2991937
7387186
1922046
312528
3766893
1566220
1187513
4792387
8193058
8229414
1741280
1156131
7367210
4266367
1389716
1266828
1111566
2427044
592887
2996973
1320326
2378116
4283743
1748743
5331651
4282045
3623912
4543943
1892809
8322436
2737581
3109424
4724338
184198
3813397
7242369
2261155
2438472
3749931
5181849
8499089
256487
8135211
1683404
1684769
1839754
1152142
3926631
3427909
1102162
3340311
3285217
5764075
2990829
1129635
6135209
1988481
1663291
115062
7141325
2456825
1524458
4406227
7643068
3857320
7894534
214982
1664815
3583676
4406816
1984947
4448868
5870574
1860769
3630884
3206384
2396996
2549299
5754273
5747550
7604414
337095
6301808
8201437
3682729
2263308
1421226
8782891
1187068
2951648
2730706
5499511
1600420
1493573
784540
155546
7297737
7796351
2928833
2742008
1191614
4632349
8449843
1761041
1720953
1558410
1663523
3720321
5663365
9852487
2318055
4749218
2633532
2177668
897015
9647274
9158536
2696700
4682712
9231736
2963294
1596268
2813677
5439704
2228715
1132186
4814972
543060
5847030
4750122
2880918
6886013
1536629
5482110
1431475
1506964
6320498
198853
2699029
322277
212729
6396075
1224421
2170680
4572177
6316392
6806926
8722407
8447334
268701
184932
1164149
2769007
5475818
2521612
2260294
3172277
4573728
2684264
266114
1764030
2104878
1554439
1509126
2672429
5110708
4410642
2263856
3158441
1904574
124669
1911653
5964107
1182129
1277502
9228176
1240815
2834082
237990
267243
2669572
1567743
1952821
1872634
3811560
3260986
3984581
3371125
2201362
4484505
9840467
531386
4570179
1550841
5276935
3388473
7426069
9722339
3681612
4719716
1757112
5590901
3754695
2577621
5353808
5488163
2612259
4601977
3607501
4372063
6279800
1955168
1968567
6442677
9596758
1268564
8197791
1148829
3318373
7763010
6740597
1256395
2122028
3879106
4624784
2140654
1568011
1478808
1924258
3697098
120501
3864646
2873533
4140377
2370065
2441627
1300902
1718666
694794
2832842
1258576
9574735
1643769
1792035
151094
1988177
5289814
3486024
1946359
1863258
3764590
2274717
3961604
1824296
3730443
1600239
2872214
3981357
1126614
228587
2845281
5657365
1822554
1636502
4743670
1252071
2246382
1983628
3107422
1500557
1981309
4787789
1206152
1608704
2731948
1624840
5901288
9272933
2227144
7839500
5243856
2856739
948406
3290741
1503496
7645852
7580979
1360001
1845520
1913664
1130266
8370172
1320569
9298557
1550461
397555
1101849
6149332
4453182
412481
3355351
1195434
883479
1614982
2978161
5418468
1589361
3371946
4478770
5988376
1312091
1635135
5520762
1266595
2893995
2985208
2757886
2831918
3156730
8288202
5114482
1451479
6380580
8208009
3546171
1881470
7207270
6185494
1946246
1511877
788237
4969571
1857492
9690671
2677229
8519877
8419097
115143
1963524
3393154
3917544
6623875
3452509
7965191
7646315
2313616
4911301
1767162
1495366
1834982
9893917
4523156
2292594
7431813
575817
3998771
6508811
2108577
2723399
1102934
1413721
1440280
7449853
7705744
2705828
1619312
1670659
2940922
8899368
2225527
4974479
1399561
1904368
2687115
1754808
1351829
2154672
6473162
5166443
6414184
432867
1563449
9494580
4736388
5863536
1366950
1410030
2952347
3590518
6133731
8137873
5981257
55405
319766
4198605
1315251
7819828
597327
1140215
3924118
3538405
7109295
1113379
2785338
8299479
6415001
1599207
4357881
3961945
3524301
4637073
1275571
6790823
1464324
4577778
8331882
7558127
199313
2531480
4127826
4859966
5563705
2561330
4629647
5972669
8880537
6501051
5218052
9491854
1555579
5723134
1958164
2626475
3941416
1814401
4464489
3663730
3618629
1223177
1773375
9355869
2256396
2943189
1247633
5995171
2418308
1692194
3144541
1575882
9823614
7380355
2151510
2168348
1211689
1564145
265588
3983126
2914833
1824995
753952
3810075
3132397
1145964
1890654
7969673
3294649
717373
2846784
2264879
1994284
5510795
112583
4483676
1533076
7863026
8615736
8916992
5456748
1649686
1172507
1173487
4196246
3609334
6744116
7344844
3139544
2204735
3810580
1448692
5156768
2424045
6547834
1186507
1885161
1958320
4195063
372532
1921663
1958490
3490391
2952716
1675889
1618033
2398002
1434413
1793703
7904569
5222586
6260465
9116387
362296
1164212
7356309
2677135
3736288
2818231
1953011
1716806
7371592
9147329
348660
1966208
4287092
3118252
1705223
4582584
2598142
132129
1276937
2723471
1719496
4555657
8231410
2705177
4434417
2557445
8533749
5816147
8425909
2202011
3319047
1119904
9229027
7555936
1871381
2153060
2837685
151800
7147782
5919013
6978864
1428617
8392418
5891094
7456380
3856423
2359503
8204488
1322729
1624799
5680991
1737389
3637375
3464407
3452121
2395578
1144896
1893085
436159
849685
2221457
1905447
6915539
5880956
6124340
2347788
3963860
2883328
6617409
6661289
154557
9452169
6583618
1265574
1864098
7590913
8724317
4363272
9381039
4168138
2590053
6378795
6569817
6412056
1154084
421710
5961094
534553
6571589
1381565
1467316
4989472
1715795
1159923
1697465
2963848
4516050
6306424
1471848
4593136
8627305
3383263
3862175
5746451
7551807
3665675
1793291
2472024
9467581
2534288
7592384
2639567
1727439
8332142
5683855
1352351
3444899
190279
1160372
115250
2869837
1995303
5467486
7834430
5210301
3616002
3194436
1574409
1216639
9938095
3609582
2319292
9750441
1694888
2309469
1592959
7622385
6820049
1261859
7962452
2886812
2887620
1967257
5606093
1198585
4780059
1565104
1174532
2551143
1308402
8473751
6835113
2144550
18954
2100819
1888830
1639108
8784307
1869686
2955361
1885623
1323934
3803306
8819749
917517
9925462
2229656
2241713
667306
2807108
1678133
5840769
1750961
2986537
1706458
4160653
1452470
4632046
4507090
1613027
8877186
1782779
1920838
2801533
2574896
589758
3458578
1433158
6301332
1581520
2314133
1910653
1151851
2234442
2745321
5547514
4902621
318131
1776513
5521726
152264
2864662
3278945
9181949
4449436
8247760
1142979
132566
6576849
1776988
1975427
4598043
3748168
1568014
4534478
2839476
2973261
4799146
6737450
5832983
1786003
1706016
4807730
2398704
6171122
3822952
4512685
6103458
2177556
1186902
3945146
1374743
4972396
7919536
5616484
2113631
1330923
244176
7186784
1202577
2447214
4467025
5939101
3741604
6651349
1241187
423432
3642087
1556295
6952486
5930799
4696984
4238011
1552885
9331301
6410529
6618221
1372785
1823799
243378
5189509
4127470
1495023
2797419
1356414
1608308
1425017
2900331
6764921
5988836
158082
7835111
1346221
9431715
3796572
219458
3654955
1650034
7566253
6610943
8709760
1342646
2692096
2285910
7695095
686
4410234
4890712
7932363
2795672
4620046
4341067
4317424
4890590
3753079
4155218
1461351
7917045
3173077
1895385
2244787
5324831
5499012
7928187
9228513
1651766
3911439
2652390
1700564
6150053
1494158
6459946
4287659
4931564
2868503
788145
1558738
2440471
1989842
195570
350667
1557574
5759201
1681011
5683849
1928606
1307509
5682391
2605326
2726955
1694369
358737
3294730
3757171
6997832
4410598
9407600
1647870
1895677
5536121
4374429
4385800
1504597
5472125
1652389
1537358
1349041
1282779
2486058
9569669
4503196
3383958
1687463
4889255
1700115
1100349
2946590
1992259
5645418
6884112
9907354
7573441
5278840
1580389
6370434
2781382
9791268
2198649
1755415
2764995
363995
1993900
2381920
323934
1491748
8889763
1519116
8373758
1153548
1658262
3812392
4366276
6219737
246028
6633064
1984468
3142585
2230575
5745802
2837125
1251471
3394395
8199795
1779337
2450341
1758393
3283966
432346
2874263
1775722
1135290
3959465
1513814
2956606
5321454
3611302
1410454
1450360
5351898
1410705
1815598
5656264
1556427
1522401
4867222
2656535
4428968
3325814
9458161
4304372
4609739
6784487
6132469
2371340
1511157
2728038
6209953
6818991
1557213
1135326
1521679
4621493
6797351
2735838
1313495
2385199
1921685
165000
118156
2922758
8141905
9845759
4593090
1930523
2547566
3827194
822036
3913026
5136326
4824063
1681860
2687522
1577192
4544403
1157587
2906627
4171611
1998419
392015
2675621
3263708
3224278
2534649
1491877
6595630
234201
3937002
6106602
5490550
127641
4980683
2694160
9740860
1356687
1929129
1325541
2663199
1261506
4913026
3775517
7192968
1490627
8954392
2631285
360520
8490376
48181
1615329
9439577
1586362
7287359
1328125
3612146
4243649
1855826
5707508
5911647
5399548
5292883
3702468
250153
2272277
4550893
2143756
2698707
1697386
8824532
4169976
1734691
684915
46795
4596752
2845587
9715265
1361629
1961878
1952168
5553929
7117156
1233894
5104946
2293484
4967500
514331
5303916
1408362
1641527
2177215
6386203
4176226
233520
1252633
314319
1591378
3952904
3941703
711054
4951605
2835435
2716783
1523441
8782087
1354288
1809289
1148815
6348491
8999847
6230807
3565379
8984738
2838848
5467322
5878809
3367402
5826816
6713465
2813264
2174845
9732356
1777726
1105696
5520635
3106998
6377217
764446
4169711
9755646
1568159
159018
1735348
990217
9187182
1677537
1818176
1930840
117110
4354157
1124646
1898549
5766248
2699484
8237706
1473578
3502087
128637
6746477
3191026
3403590
3139381
3120968
4141781
3520643
2817563
1551400
4394081
1800930
8826553
5726373
1749510
8977492
3866584
1648376
4825328
9163329
5906736
1140427
6276949
1271670
1987806
1687751
2518426
1854342
2810158
4376506
2127728
1265149
2581075
6555680
6754501
8215647
1928221
3829705
2212030
2257119
1434391
2332320
6768168
1672252
2503285
9995547
8242829
2891483
8338600
76490
2694527
618750
7289881
7725735
5764397
1561130
8330963
3687690
4779430
3390449
2347617
1109308
4353261
2324684
440186
1446265
2340272
1294360
1844111
1336887
1212185
2378853
2895791
1683959
1678078
1458767
3478218
3393354
9927479
6619503
5689071
88460
2554067
8796996
9219641
6814592
3883288
1412000
2754802
1800394
9808318
9182650
1283096
1650827
5695272
5926244
9163658
1367571
113324
4161297
3461466
5157327
5280962
1968780
1286993
2636342
1503815
9221741
2198534
294136
8732169
1909027
44674
2562019
2543086
3733760
9189838
9958056
9756842
6461433
4290256
1464155
822587
1596569
3487478
1963595
1138391
5550389
3137752
5568467
2195587
3649607
8669029
4461521
1736
1587505
9112804
1496161
8986208
71666
1284122
1855697
5584369
1113784
4441067
7157851
2980769
2621195
9543041
5260398
488574
2494427
1196394
4927794
1470076
7504415
7380891
9572098
4449669
1625349
1217047
4757817
7774100
1322473
6880516
2886943
2955951
8628644
1258554
1325914
1367163
3667123
4788017
3887128
5690006
1327794
2489677
5109163
2785889
8870516
7501089
1933500
2493631
4537794
9950819
3190880
1600892
923334
2967089
5599247
6788166
2249069
1225811
2175596
1392062
2101784
2306677
6677420
6256751
8225655
1974379
246442
4328449
2166469
8949970
1892280
1668363
9895154
2481608
3784641
1672884
2183493
8649545
6280059
2418191
1560379
1197431
116945
4747032
3960488
1147549
1651649
1872575
214762
9236725
2795997
1166107
6414718
7178652
2450753
2158316
2466090
1272369
2722961
1211202
4301489
3617354
6877995
7292897
1829323
5867370
9922118
3666538
1890803
3125034
4282113
7239227
1612531
4329849
3329518
1870342
1498775
1609090
215907
3607542
2760736
1146151
5148278
1685353
2904567
9713972
6506994
2774392
3137050
122717
3159718
272366
1313932
1622549
751854
6115578
598720
8569855
5702870
9983758
1713435
92478
1426061
190313
2876608
1190340
779048
1889901
1794818
2980763
8462171
1247785
5131830
3170389
989097
81224
1467093
1972226
3888241
6420917
7526165
2730531
2192152
320004
1607451
8370293
1917714
3985163
2501099
456090
1342280
3697204
1898318
1680892
64599
2716735
4613686
1904630
1898070
9328243
4387343
1662821
3578565
2981140
1452225
268415
3871727
3787738
2816703
2201976
7904108
1700054
6263828
4815445
2674320
8383030
25111
8611475
7906786
8404767
1915556
127552
1105150
1203321
5829088
1693668
1207502
128377
1182311
1514612
6578926
1304550
16716
150107
5445708
9925753
3377575
7120949
1737591
3522964
5594247
6158143
6417973
171208
1826841
2179296
2791795
1626081
4435008
9754038
1880097
9557224
7933073
2152873
7670435
8339580
5742067
7346489
1732910
3132056
7333944
2498385
1943594
14682
1812496
2338007
2759436
3746903
3806402
2338974
2825313
1641804
1688394
1876088
2952895
7609895
2861389
2676171
1714128
1161865
1821409
7340816
2615593
4785471
480195
3806663
1557347
4968970
1820304
2332241
8993340
1156825
2934275
482035
583731
415993
558884
5260646
2239667
1659348
6323809
4653309
6516107
1280516
2469010
358151
7707312
2980319
43226
8827150
1859951
1151526
5112131
2589314
5160397
8562538
5297440
9537661
2165276
7790985
251445
2170286
3743183
1341801
1650734
1126347
2332175
7457814
1147234
9884777
4757442
8971730
1884539
768935
4917130
5420899
3619485
1184482
1141764
2228841
1766766
1537916
2844835
3667057
1985261
1895616
1981509
2582623
1155224
5572195
1407728
2810964
4853514
4849777
1548168
4392803
9548406
2953917
2339659
3586312
7613191
6993272
361825
5349838
7849255
5224698
2728036
6298726
1568085
9406573
369095
4411951
235837
8573302
7645213
3169050
7984405
129092
1682587
6330801
2453162
1109043
1244904
5805892
9963837
2400511
7863354
1184188
1555588
3135575
1637716
2288905
4217284
6979542
7149459
2981509
6573211
3152941
1658163
3273920
1368378
1984494
5841637
4920427
1322745
8641880
2711052
2122914
2902968
1277417
221579
1260537
3328496
4522022
3277240
173068
4915027
7737097
7514472
7877362
2914229
3199057
4786507
2619991
2875480
115959
8313770
6664374
1285408
7660739
8295243
3484832
4879015
4844939
2476352
2259883
1448731
2276553
1129044
1178661
8657981
1542664
753207
9403017
6297667
282166
3176582
1315473
5455216
4541567
1483801
4774622
3647124
1219775
8416054
1488771
3818312
534668
1457917
2379867
2959818
1225073
9538694
1905234
380796
3249535
2527621
2604409
1983795
1907135
5297374
1573802
3869919
1268149
1225724
85409
3837634
1597633
4306548
357987
4657512
1709316
3602256
5308867
4404452
7302179
5533592
3977760
1569253
2475058
7860514
6105068
6715449
1151558
5136530
1325013
3902649
3406999
224278
236897
816877
2513373
8309517
4166240
6519531
7229073
7746880
1259331
3668030
1573698
9536111
1629085
7540182
144316
5772340
3970373
7508682
1139851
2328742
7123051
2874887
366950
1943369
126880
2541612
1439269
1384223
1885508
877634
1418864
3482771
2985262
1839314
2253923
4814294
2561543
3724533
121128
1408758
1875919
1538990
2386734
5136354
2657949
2222769
2278547
4478518
8139239
2204412
7231139
1447760
3471278
5173660
9402782
83365
1663816
7585007
3463500
1347653
8331655
2700145
9831502
2171725
5286126
1678845
2130251
1751105
346487
117847
7424510
5571078
4869860
1444851
178282
2466769
1627735
7407951
2200338
9318
2419381
2124970
586385
6447891
219558
753870
4615446
2624316
9317185
7173933
156529
4434599
887261
1410363
6283564
6104838
8975927
3668695
1370529
1434363
1171313
1555017
4723559
1846461
7255511
4116270
1860658
8552991
2608701
1151680
9207732
1483798
1688510
155042
5536260
2793165
4743179
3330229
4554016
9211290
3456380
8458290
3595172
1847107
1288619
3928341
9962266
174610
3597147
2214611
356874
2213418
5845666
1229601
4479764
1774806
3543207
5576362
3862174
8909154
4625724
4984713
5960452
1303605
1448626
668357
1386101
2784227
1952576
2519446
6594046
6800593
9586207
1286692
3951209
1984395
3126632
5675074
3294050
6955179
7847991
1250263
2102747
2757658
1675302
2848011
5742741
6288685
1107331
1325135
5356465
1685742
215214
581465
1856465
74525
2504373
2663317
1735121
5208487
2672490
2395735
5453852
6718343
5639950
1117392
4661364
165029
2996818
3355908
4830308
4345347
1157722
3517364
466714
2312250
1111427
1531621
5287918
3142391
1753357
5125635
1485894
1517597
2889777
5783351
2244398
169749
9832556
4197529
121354
1552014
1962087
5198446
1385607
2477932
1584949
1876044
1740740
5137353
1549545
143409
1552420
2390522
5834602
3886946
494941
2333025
3453136
4756151
3162791
4419804
8373761
3707580
2473199
1591326
1850414
3664462
2493822
2433999
2981520
4970227
6976440
6225537
1790767
9843853
2786888
6245181
4416971
1511585
1175293
3881803
2661096
4516829
5284172
174158
3403100
6286886
1711226
6223451
3516382
4980861
1635191
9623370
2760319
5375685
1990669
7970774
1166005
2949258
5482332
1352242
5130226
220291
1292591
5875801
3744494
1103659
3711915
560342
2136941
2531591
7370662
7849929
7824505
3260002
5665513
3565155
1290422
1301310
8745749
6821707
9467181
1953551
3516293
3542609
220619
1825260
1573231
1834311
1698510
3492498
1457811
3674506
1374981
1252629
7174974
1232405
9912699
3170789
1783580
1824407
2250711
2373751
1236520
2926882
2546827
8682247
334106
4181459
2706087
3819840
3300385
5932962
5532665
3650555
3516991
2680843
7437841
3494417
5425361
1753543
1820456
1517667
4120751
3340547
2765298
2531607
3761826
1293945
4964353
275899
1663477
6308398
1249458
251622
1297028
2945446
1588164
2774638
5462326
1480568
1470545
2949066
3827759
994134
1603464
1988834
1894929
1474698
164017
145396
2458430
1843709
6536114
119754
2461073
7574361
136103
1894514
5985215
273384
6452946
9996532
1964064
1715492
7358717
4380575
4110780
6981773
2961121
28800
8794340
2495314
2543440
4297725
2831741
8738784
6326237
3356194
6498378
8813130
1345166
1491568
1633045
94893
1841156
3602806
2685256
4143005
1439398
1836694
5907766
1793901
9485927
1531728
3960463
1306395
2833623
124041
2799015
1495952
3355247
1877273
3229829
2346879
3608659
8138018
1578493
3508151
1738120
3828226
1461043
1553080
74171
2182139
5167856
8186862
9965337
4553718
7241381
1769805
8910248
3875044
3349061
1800081
2139613
3258754
4595550
1833685
9370666
1618427
5924304
4367424
1330320
5688612
2414073
2693783
8449598
3600806
1759020
1895204
7855053
6438910
6760130
3604591
2717438
2757853
153777
1831363
9149184
1400706
2968894
8807281
9563269
1223688
9275465
1717008
2901320
3686395
1566858
1605123
4689429
3318907
4974093
2446733
2459507
1432185
4215389
3498760
8242061
341492
8318605
2749798
379565
2883522
4194223
5390978
381858
1770756
3802546
3240288
2505457
4927804
3565782
7917406
4249755
669614
181410
1315649
143302
1339295
377478
1594386
2276819
2726398
3429273
114253
5643710
788984
5452848
1991765
3240955
3276389
1446255
3456690
4571075
823079
1977171
7785587
6851854
3979600
3686244
2159124
8829675
3732508
8720198
1150020
257884
4770980
8255828
1210984
190981
1813601
334569
7970251
2833844
6175669
4214573
2298861
9118995
8447868
366904
1631297
189554
9566139
8334955
9113041
4358751
2290330
176403
1248123
4885447
3990362
1524911
3982806
1232800
1415823
9856517
2932545
4538543
2524937
4838047
1317316
1540334
2912732
1169502
2578803
2151448
4214155
1778903
2763024
4727206
3388820
1891036
2550676
1852736
5374226
1985415
2709031
9439984
4465080
9589157
3271964
1719415
5225163
5983473
9138299
697739
1639261
8254378
7131355
4421918
4492811
2693959
3289276
6108812
2687988
7557048
431038
190080
2421066
8674863
3590830
2193344
1707875
178584
8893556
7616425
7704293
1728679
7755611
5919278
2671677
349894
1543725
3233059
8892599
1248210
1505753
8275068
4887390
1685053
2627141
1832246
8315042
820243
8885221
3270693
2701227
333702
2586523
1303826
4211521
1120201
6601478
1220199
1129917
1381061
4939365
485007
7858628
3803326
4901191
7274260
5532611
1107056
6890554
9723360
8848049
1562125
5598524
8408830
182572
5723135
821109
4602048
1978306
1423926
3560461
6815785
2336286
4766306
1225715
2593567
356489
1876499
1191600
5327885
1966298
2437531
1640424
3202799
4928459
8444653
3621495
2959801
8166268
2449454
1243840
1889856
6423165
9980008
2222403
8484372
1704897
3947440
1599544
8496848
2121919
2109758
632224
2126281
1398463
6135165
4935598
3258263
1102548
2229917
2194202
4899280
2917165
4367640
5293846
3747657
7215352
3730893
8892964
1287092
1915748
3110049
1880312
1990812
190658
1130707
2200043
2456541
4839651
9978392
7472401
1771904
256118
1643280
3923297
3260063
1151593
1849850
9678898
3655619
8411990
6763568
2776839
4806245
7305235
3830420
1181339
3285805
7903316
9321335
8161356
6972971
1753351
4115125
4457270
2888052
1748414
2555437
1493576
1299108
4554465
1362036
597258
2286587
9285513
3796208
440400
1939300
1841741
3453071
7156358
7421821
8477321
2172096
1925029
2318957
5172901
1576169
69759
5600490
3686356
6818135
6414221
3355581
391353
1670451
3117521
3286691
3547799
8444955
8366583
429094
8476922
3591946
354946
1214353
1810865
7659695
1519556
3859852
2468701
4933354
2956073
7415600
144778
5659436
3447613
1150840
2972058
3954074
2659017
4370663
1769877
6493339
8428545
1646293
1522606
4288517
1302134
1100110
1369679
7634407
997372
9714920
4691656
2364056
8693541
9916699
9490160
4555789
181990
5666123
4865240
7743714
324809
6752439
2449493
4144431
5893726
5147992
7307558
2603279
2394570
1987838
1286134
157497
3130543
5245829
1702186
2826833
1365558
6867782
1377458
1536011
1988033
4514615
6724515
3472702
7882930
2279427
3389092
3445610
2436981
3492536
9122440
184359
9767742
1303383
1637619
569834
5243162
4517388
1326621
1489292
2338677
4298764
3213802
1859171
8738241
4608874
2928134
1271281
5170750
4581902
3699983
7546094
160673
7425565
7487059
470755
6652194
2247182
144561
1796277
2758155
8888849
9512408
24499
2827845
3555363
1227588
2403890
2747046
7160666
8680947
1200308
3702484
1642961
3701595
5548165
7853120
4767635
5672085
1990520
8999336
282697
1313432
4600826
1981395
1972612
1852560
3319716
3940421
5698325
9938955
5199318
1946510
567804
6688239
2534972
3445151
5319632
5108700
8148612
4651452
5174911
3515605
6146937
3438399
3136923
2870278
7269704
2474836
6627216
1256395
4491515
4813602
59237
7450582
1362582
223966
4967039
5315204
7221540
6160411
2994368
1544843
252053
7895146
7573328
4596845
5348472
2428897
1219967
2816688
1123392
5236369
1389141
1122540
1165595
1282092
6612520
3855690
1593089
2507658
2763416
1347405
3406795
6457869
1280752
2705859
5227511
2324956
6985995
750973
4668383
8707821
2782340
2391109
2134117
5266088
9977673
1878025
1853107
2287598
7598262
686587
1790279
1290612
2399833
1493756
1580072
6465393
312517
8535251
5675914
8994366
3465143
2587017
2986605
2690681
2924890
6405069
1263679
4263153
191452
1601303
5577982
5835265
6440445
7760530
3555132
8565014
7659494
524557
1655702
2971533
7794791
2425319
7319934
1501961
3750844
1991659
1411037
7331007
446790
3504110
2342685
2190044
138518
5792683
8807241
123258
3968139
3405773
4108574
6534523
7888843
1745325
2216275
9490672
3117600
2883153
2850450
3466632
2516752
2609080
5745854
5549178
3981867
6971032
5656716
5241288
4159103
2648352
3822381
2295955
7974671
2319478
2908832
2677724
7614952
4966108
1187928
5210169
330415
4161514
263108
61337
1980296
7979355
1971352
6286237
1217302
2693686
9174620
1219121
2164528
7477908
2271067
1742978
9972611
5894478
4833308
7330779
2247800
8689159
6673644
1565682
2295351
361299
1900581
8772636
1458422
2398661
9722371
9832945
3117066
4738645
9116125
3908028
3531986
2984904
1422971
8983294
151644
6471404
1905704
3166505
453935
4401255
3333633
1371513
1181474
1911213
3267350
8771853
1410149
7353343
6774338
1763015
4246353
2275145
560473
6427787
1195443
1348029
1372796
1665736
947845
1423270
6480326
4958734
654362
2464417
4787308
1385782
1255480
148824
9557047
2239566
1957567
126026
6520271
2178920
2388540
2679281
2271812
2212544
4863945
3779329
375034
2854097
1405522
2789204
3180658
1877363
160186
7275407
9823268
1980758
199292
5612640
5767938
9949981
144073
1140989
3564914
255892
1102927
197058
1249547
4211995
2104760
3327274
1410661
7350116
5379256
3668462
4328640
2721818
3754396
3706549
3892081
5461795
7865772
3117513
1652364
5692818
5399766
3350231
1893092
3535248
5223777
1106631
1134118
7815522
3634760
2676846
3840021
1527082
2379628
8491694
1384355
1951809
8800668
1689708
1428096
5112725
1546247
4788347
5515609
5603546
4989431
3607448
852287
757090
3498700
3188644
9502905
1624446
4766557
3724026
7164885
4497590
5618076
7216946
7351961
276440
5803489
3562519
1254792
9160197
2193607
1494498
5175101
1409558
3124654
1873709
7450648
3171690
5908979
3870649
1625388
1147624
1101798
1265694
1874178
2482212
1793245
8497872
233252
5505902
8622133
3981115
2820376
7645984
8998075
1760275
1638941
7914929
1492018
1956462
2706386
1156018
1424653
8215325
4435649
5682912
3856271
2729327
2834666
3261478
3106860
1888182
3534822
1832068
2936643
1988790
3577518
3730800
1701071
1206516
1543313
542984
6107949
8514337
8813357
1800413
6870551
23493
1741384
1224218
286673
326984
2209696
1592364
767644
2503903
2299676
4450932
8634056
3425009
350985
4756142
1195936
5897643
5257173
2518249
5362598
3182567
6307578
1478500
2798337
6294419
6661379
5725634
2676657
1517649
7819415
7423826
5274075
1791956
1206914
3269302
4444894
2214437
8192724
5162671
965399
575077
279139
634344
1129703
1391940
3930824
1707694
349152
2449002
3442248
3118821
3857997
4339082
7864310
4458723
1310547
3409564
3682671
1606814
1851006
62149
4802994
3274356
3959174
3895246
7933004
9859976
7383822
7687922
4147437
2240068
123947
3434949
2287403
3130833
1924995
350341
1716427
1531933
475675
2934706
6344269
459956
2788729
1221863
1389017
1283332
196333
1814353
1359519
1683768
3918577
1265629
7836759
6684064
2660746
4408319
1319812
1559101
4434964
1834867
591656
1370351
58700
1538531
1549535
1173407
2559306
1118613
150538
1236080
1832370
2841031
2253863
1401828
2765804
1915026
1367263
5721539
9603886
1177501
2515164
2237851
9845391
1959406
1633554
7178564
9363047
1808128
8184843
5918173
110657
1431100
4326655
3972910
379709
9888069
9406709
5590266
3499036
2429594
1621
2963811
2539388
1176178
4131524
6489999
5931525
2865218
6659923
2192199
5279415
8764596
1242934
3891038
4678609
2789896
1447628
6848420
8759925
1785850
137625
1372483
2128142
6179156
7364613
2423619
134055
2605481
1770417
5800580
4536981
2867251
635140
248334
8136089
4108398
7507317
1648271
5360158
4393297
2412882
4392253
3982549
1992896
2652586
1991611
1460351
4806610
3988280
3579844
1790202
3127993
1148545
171263
9844821
7673049
5145990
648454
5240660
5415407
4955491
4362270
4934308
791468
8187229
2784295
5690180
2746593
9618483
3767987
1240648
4207123
6176355
4882660
2381572
163224
1900233
2497214
1424370
1832877
9241959
327192
1754230
3661765
242813
2117481
1494371
7182583
1944307
1573510
5333327
1589333
5375297
273301
824041
298200
2234330
2178449
926582
1737143
162075
1392236
5408355
793884
1202806
3339486
2578603
8969844
1116941
3542056
5393262
2894651
1833996
4862990
3907537
1911512
3879064
7973758
8736444
143228
9539548
9399249
1787755
2529484
2684346
8774050
1987580
3719582
4969802
7617759
8426512
2259669
1914450
180015
1914420
190712
1727014
5831780
1728633
1439811
6287912
5754611
3923172
317341
4175904
6975665
1473679
1217999
1536048
4323686
9181237
4166176
3950069
984522
1847503
4422401
5194808
8611073
1316956
2960496
3184419
216570
1307200
5572172
2188816
2754412
8356950
428843
9728791
2610658
4451756
1588497
2506144
3241322
1471559
2145467
9129745
5108639
1919709
1358882
2878838
7185091
1368817
4359347
4451724
2945111
2499779
6621938
4240540
3834902
184600
26884
1146572
7723322
2666770
5745234
1697524
1331102
5852570
1231510
3275712
3215657
8989695
5605101
5810863
1762616
6695291
3336178
2956130
1619058
1297218
8419572
1105603
1149476
1722791
4103742
1891133
1187314
617570
2548583
8155660
1726015
2228497
3196243
1599075
6779441
4925567
115456
3548973
449347
1915282
2918948
7964844
5620022
2346152
1793803
470824
6466025
286654
2480886
5381973
8197639
2224796
4721646
4801965
3916546
779457
186625
1110418
9532523
4217342
3137149
8327526
9222316
1604147
2680794
884388
1683695
2419925
6755677
4536353
5491691
1332738
4728953
1615703
6568805
5798079
3772340
1158195
7788776
496880
1339293
5697926
733823
3104822
8402898
2529423
6913073
6556887
2783631
6688085
1334808
1663890
4652272
1842397
6893888
5542986
940836
513191
4650855
3860181
2464919
2733456
5563937
1945262
2222287
2258875
1984573
5306005
1563834
2124882
2912756
1223106
1941897
3436778
1647713
119289
1673076
1537281
6200410
2219664
343510
7489533
2932521
1914188
7254986
1182718
1978708
1911604
9509512
32368
3528607
689759
2818160
1267999
1641044
9459458
3635004
6505841
2200173
412712
194808
1612022
3989802
1979013
2278750
5569404
1136968
1837502
132789
4994803
2772718
286687
4193554
1429389
2373427
1136704
3858697
11458
2399729
4712318
3996300
6692017
4450863
5782477
9517375
6271850
12571
3105560
2243707
3860467
5735154
1392713
1209209
3398239
2901983
1324971
1156579
1975246
166007
3133015
7792150
1612749
1115720
2201127
6884948
4395601
3717953
2844253
1920420
515470
4541578
2436880
1693023
1518761
51179
1833705
3326308
973719
1287810
9400970
5415901
5624795
3233572
8705966
4441655
1685276
5414527
6923775
2268699
488030
5843610
7788148
1400164
2271280
1753707
2273191
1287431
3917958
7132228
4265486
1608276
5239285
349668
3811679
3525418
430513
5956279
6146677
1582467
1839951
1850445
7130971
3207721
2417366
7227149
2787494
5984516
98278
1653967
8157048
5461615
1754492
6384094
428346
140602
5676017
935156
4996542
5771750
7666523
8906199
6722825
2409045
1668304
6328949
1794428
3419919
2740140
1869939
6721496
1769197
1980549
5533063
2882207
5784921
2548046
1670265
3814075
2673693
2407793
2411625
1823839
5788668
1340495
9598173
9904385
4776386
2522809
1540687
1989960
570213
6695986
2889681
4353237
2179357
1202122
3448809
4182724
4583696
4312986
6928358
8428145
2668070
1393216
3972021
2642186
2677735
3764854
4747562
2628141
3319838
8709926
188685
4570678
3350533
8465954
4639597
5449922
6772520
679368
2994136
7231774
2726315
3163068
9136481
153831
510751
2524651
1696660
3733692
5488768
194175
5720881
2379491
268200
1370620
1912333
1188983
1790213
5977629
6867099
297260
1370501
273808
4522067
1656858
4807265
2144150
180025
1754153
3113895
1801466
1452872
2363376
3145511
1195575
3887042
1431423
3522851
1860864
3809177
7610611
2186587
4496690
7661896
8466825
5443281
8611897
1156310
1654801
6523542
1563249
3725262
2357008
1311780
1381178
1309591
7302392
6240979
4791429
182969
2100751
2627084
7941288
1854783
1360482
6522747
2811618
2592079
1156340
1106090
5340031
14811
3765695
5850737
5484623
1474143
8287694
1303481
126451
5985260
7681622
7645024
3911540
1191021
1775121
1544691
3384949
2361991
8913960
7564698
1436075
1778507
2811573
1916486
543915
1765926
2129650
5328119
9744387
2800724
1248373
1384401
867654
8619980
123060
5138986
7982675
3779163
2986020
1577246
9241098
3394996
6348708
5129369
9441718
1857679
662529
3222754
8215835
3328373
1382745
9566675
2479075
2330586
680832
1877368
9512302
2601511
8750595
8108714
8146131
3345371
130407
7210208
1936653
1287455
7480506
3678687
1145303
7652113
1893900
155308
3785896
223995
1601682
2673979
4432570
6812559
6728509
473387
3359398
1568792
1455766
1716453
4885563
5709835
5994589
2116886
1265492
2324852
1496091
3539153
3359565
2768420
421301
4768153
1275930
192391
2245195
3318078
5878098
1809387
2534028
1530536
126996
4215105
4848326
928196
4622600
4380142
2933638
3910738
6589001
2465801
2634079
5246114
625541
1578213
4495208
1133265
2735839
1190830
1573525
1923913
1771370
3389672
1493232
1414178
2959417
761010
5198638
1785448
1446824
2651639
2126371
2912022
7672863
2912367
1988409
2878828
6547594
6836639
4731090
3655618
1219053
8940369
6373366
5890954
1764712
1458610
3336437
9965907
324109
1412399
8101626
2143705
1117065
195392
183359
5583386
9831160
1946461
2186099
1987369
7577726
2357455
3431895
4559461
4899393
1521115
1129805
2423239
2159283
7676072
8336322
179047
6851719
5716851
2498473
1114396
5897177
5180287
7271243
2240147
1383204
5357466
116777
2631530
1280005
8145956
7822621
5282604
3635330
1628587
2423302
4603411
7638778
651770
5523561
5289460
1638105
4991339
7186314
1442424
8757648
3493457
4137385
1738954
3799307
2982597
2878604
7609613
3723338
8846132
2342129
7983828
2397138
2846462
199716
4731277
1810748
5653773
1973414
2133123
2996580
1410853
1372092
1439918
6204143
1275032
3581769
1724771
3957772
4385775
1374505
47971
5749764
1825004
4796313
1730383
94103
335964
26611
1769825
3490382
3978592
4927730
2560363
6975704
4713827
1834922
1554417
523315
1224982
4883851
2604636
1570815
2406180
1162240
2481280
6516139
3412045
1921172
2422252
1578659
1927436
5815196
6399415
9707639
9134683
2594476
1932946
4520709
4904880
7480402
7578812
1656704
3415410
155045
2683254
7897256
729684
6224864
6884007
1640629
4179896
2838541
1278642
4506818
9639125
4514575
6805016
4752090
1635656
1171607
7432630
3599861
231987
1613935
7170752
9510361
212552
1848014
5361414
2874534
1475163
7324339
5558797
1475732
9979231
4766896
7348571
7246507
7686688
1948611
6118132
1946850
1668041
2800537
6354756
7531467
3651739
2157973
3395772
1965364
5461223
321885
969963
1379039
5959546
2999999
7206827
2986557
1354932
2248369
9916550
1990621
1337135
455265
422466
1601970
1980731
4669770
9991656
4170574
1466672
3921378
4668856
434029
4306588
1306102
8880818
1786091
517435
3628391
391647
1239939
4408541
735186
5451556
4965686
2857024
1524015
1923168
4197333
6330340
819772
5141887
1895565
2356307
8300888
611379
1949505
2834820
7565458
133193
1421764
943699
1995391
140381
4419625
5417908
220502
4608376
3214213
25421
3584243
3201571
9163771
1490701
4782827
216644
8157043
3902380
1469284
9951728
3552138
1556605
291132
1481031
7367393
1175295
2262929
1705116
6899138
3522369
9822707
6315953
6287254
2855979
8172696
6498431
290725
8279259
8369410
3610481
2959753
1410209
8481050
3989792
3793537
5205060
2625332
2607562
3652156
3848069
2482496
1443665
386268
1732786
8325444
6579111
3678252
3262449
1667914
8609240
8765283
2396394
5620255
2729484
173944
1776216
4640164
1930417
8959091
9615739
2203090
3980588
1770704
1735648
1656832
1929426
2229093
4913583
754131
2614119
3825704
1721040
1914247
6656790
1578741
2721824
8694220
2592007
2886028
765458
1277821
2113313
6370747
3462133
3941001
9856820
1380422
9706438
2157232
9694631
1858804
8428516
169925
4314603
6220453
2964658
7786571
1808336
6148613
1478672
2753680
3998935
3329713
7846062
3911025
1951315
1777859
1881998
3178259
167341
4538048
1918024
9535131
3796379
2638311
1480327
3880161
2206996
7602181
4253219
5950284
8123340
1302693
1824241
3355372
2333854
1937656
1671681
2809722
2713253
4961779
713896
1776629
1251539
2434230
3739220
3160378
7945850
1177433
5896653
1546328
1522445
3493248
7691225
7140142
747157
2880668
6798710
9714142
9428203
1397528
9159353
2407332
175473
6202645
5757481
2887288
1394040
185400
151312
1818374
2660041
7455615
7246280
9318606
3933533
2961981
1361833
3101431
3704025
1687924
5716200
1613552
1809400
1891680
1856249
344302
6376560
8513302
7905676
4963849
3830763
1145128
2687453
2950892
8449212
4779207
3894074
1477703
4322418
5732570
7966604
4198863
591725
1815225
1440800
140008
4340860
1609706
4259950
1745416
2196166
2696958
5900969
3151698
9169437
6482111
6558825
2886973
1941719
1718823
2673293
2573541
28845
9630613
9628767
9628743
3152234
848204
1936223
2384781
768180
7932590
2682393
1937805
1805950
4942354
6734707
3199820
4511419
2866739
7457280
2340494
7616784
1910267
3606934
1875666
1179142
2101880
1976064
1113610
9341844
562451
6365846
7882588
1487368
1745866
2336190
3962186
2588525
1528916
4745945
6386095
6309109
4785835
3681513
8356330
2768936
1329694
8616309
3891110
1894306
2675880
6667866
3748173
3665135
7908073
6389475
6343446
9615730
8527108
1137397
2937541
1960048
154848
6729848
1200556
4692135
1236810
2513516
4802702
1450565
1966844
2532756
3832596
4454687
2900948
5449026
1398902
5720121
243257
5223953
1507031
8470061
6335664
1363980
891295
127625
7471164
1805024
126467
336040
154376
3851
9450811
4574036
1647420
1220957
5328476
3794759
1505040
5123341
4674342
7149091
2329985
4295250
1602474
8792094
3553341
3435553
3590093
3614584
8995503
2155394
4251531
2621816
6177324
2862288
1882120
5569939
1600488
4324546
7682212
4787789
4621881
2999942
1749125
2564438
3522766
3397833
227972
3292148
3368444
183562
2443912
1812195
1322723
3617503
5504842
5746202
379202
121487
2502624
673493
1505138
5756754
6962135
1566767
2165932
8620862
3760798
2134191
1322301
4490374
1712839
5117877
1825939
7592702
1331651
4411849
8341596
290022
3807115
1302745
1729608
488914
3371288
6147236
1157960
4475656
9168635
5711799
6871298
4184310
1688488
169688
8161757
3323546
2605350
6853200
3875075
1734974
2704018
3763600
6255303
2762805
2926306
1864213
2952137
280539
3257188
7884102
6493138
9465689
2746696
5807418
538496
8263642
3185296
8960625
5313462
1849625
3734599
8930818
3695806
4869392
2842326
7837658
7414099
5543073
6321385
2314659
1290294
224517
965366
7971046
9976735
2914279
6562145
3234752
6265779
2550112
2996295
1924943
5716803
4701651
9509752
8539100
8798341
8832025
1801359
7159959
2334316
5416676
5442748
5961457
2247276
1548897
3754350
5254068
2539130
8574915
1187253
8471356
1178561
1729513
1395916
2670443
1598493
1403799
8457468
1501561
4587429
1722597
9597709
2600239
2465890
3888147
2418546
8568162
824543
153333
1955819
1636457
941694
4612552
290183
5796809
2526103
1357174
2357571
1208040
9747921
8805681
4612791
2415593
6131486
8860592
3759353
4393517
4988381
1287315
1793345
4103312
268887
5274688
1555868
9367793
1362113
9298687
2860558
3540167
2987881
8477582
2493400
5976214
4856012
173735
1184108
4717920
1500548
4540332
7507069
5697437
4378711
8292167
3374340
3415855
155962
3971646
454163
292794
3486819
1211329
1336202
4793669
3441515
5444234
2795431
6876833
8538949
6324094
896606
3381652
2215199
3755557
4554307
6993369
2350992
5867593
1722443
5539021
2384304
1252016
6689956
675201
1882004
1111990
2977901
914245
2293886
7310558
2819774
4873467
1250271
3979894
6408007
3897958
2477410
3762953
1446260
1690044
3417703
3922300
9609848
9426724
2700616
2452822
8884887
1344479
8620637
1331052
1824262
133787
2104085
4940067
3987223
1376497
1993526
5286282
2933480
4989454
1805989
1600116
2990822
7206052
1271799
1573536
1631616
1552519
1935192
4949392
1253151
2885743
611698
1957401
2599954
1987056
1582432
3506387
1216569
1854410
1741789
1864960
1219400
4462660
4551225
1533726
1327312
9191363
1120767
5177778
4704664
1972612
1120566
5919244
3111870
3989837
9598854
3372628
2732652
3698643
2610058
1481842
2449092
39543
6588705
3208652
236848
5156475
5837581
1282196
1232870
2824879
3960388
1171061
2553222
5241822
5376460
9602597
6663374
4377846
2346565
7453267
2593771
4350687
2965769
6349740
1951245
4125285
9208580
9504880
1665875
3668288
1179714
1305248
1931159
4688836
3131039
8837409
8245867
658336
5516359
5634853
1179546
3137638
3751011
2157923
134627
3933291
7943842
6568452
3255035
1140414
9809355
6449469
1774732
4919428
652290
1103825
1235396
5361364
8939232
6726790
6884267
1108896
1712763
5640652
7824664
1776753
8910844
1467266
3725205
7176552
8186033
3530259
9602787
7380889
9207062
4155342
260098
2370381
2940527
31674
170854
4637329
6281440
5645195
3211278
3136069
8795073
4908713
2149579
5664638
1546003
2510485
9956206
2142135
3857597
7272670
2947028
9674280
2931987
7402980
9128515
7696787
1309231
2830384
2341125
2345901
1628629
5164436
3727958
2763933
3875817
9877511
9823443
179164
2796634
120106
4821811
4196664
3671708
1498189
3550041
1322906
8494992
6782050
7102997
1743113
878329
3578967
1538646
183227
2710078
2649467
2714699
4156646
3306246
1107658
3482113
183783
3792523
8645310
7409237
7155466
3666721
3589718
2555966
6726740
4696198
8177401
3584500
1140453
7198781
3446668
5188211
1753366
5881692
2743341
3301424
1773699
6169694
6607048
3948813
1762140
7351659
5663164
4660292
6905096
2884325
1484975
1697508
2900451
2252603
4394692
1693143
1691376
1985147
1261552
4748298
9679646
3762432
1926768
4798786
1273346
2751249
184870
1478562
6975669
6463003
1981291
1598720
128362
5172245
3497247
1106793
7311104
1115525
3278252
1215703
357945
264156
145892
6108175
5674765
4670792
6691244
9326236
1617320
485343
5257056
2571990
1615932
4740166
2289865
2832246
2139422
6997788
2829917
6460062
8964149
2662403
158348
2539603
6452336
7365331
4862143
4169939
6440055
1137399
3840863
5987813
1758982
165924
3355614
2501261
6118482
1479412
6103502
3531706
8830302
5641569
5241188
2247378
4628710
3168299
1561
7443552
1397016
2252201
3430876
3763621
3752036
3577972
130220
9401453
2108279
7437675
392793
1649315
2830443
6200624
2320715
191624
2391728
4828951
9692602
1881222
1221472
2147230
5909832
2167631
1948278
3999623
1667099
1311996
1586908
9133484
3651576
7534826
5168823
2706418
7531732
5158967
9983948
2916766
168281
164770
1728862
3484255
1728045
2133246
1118578
6612378
2234220
6820634
1133966
3476098
3725556
3578055
5247160
9549516
8574550
3701579
9283909
1254810
3389889
2358479
2431133
1637677
4819233
2603897
2918751
1244113
1221810
3445268
7871223
326120
4735820
2172019
1583594
3401335
8238264
2714521
2377351
1281509
1121133
1437556
6120914
2881187
7952570
1535554
1944622
3975206
6768883
1126535
3773897
5718907
5319433
9564063
2441118
2212519
9893136
1241915
7552824
3562315
4475187
4690393
1914745
1508337
3810089
5553076
199940
6550491
2798191
9980632
1588576
223528
5714415
1934587
2861694
1947614
2614157
2395192
3438327
211317
1633994
4473719
2567333
1176857
8104261
1123375
9783267
172163
1572916
5649970
3415468
8325024
4574552
1329405
1404957
393474
494756
126200
1672500
5588411
9215407
3798521
1940177
2449097
2523669
2317353
6620638
1267398
8155650
12260
1136763
1578954
1901440
2958367
9897795
9563190
2495439
2719051
2527337
2716961
8711995
2570933
2880147
1848642
147338
4378650
1677540
1424535
3553616
4979059
2891307
5898262
1109108
5376658
3609753
163291
3422163
5352987
1483029
3442173
1852889
2953688
1728728
9101249
5998678
1425739
632695
1736089
4898104
3703926
3782375
575372
7965532
7670739
1986475
4455423
1389628
2781353
259372
1904520
1696178
4137484
1327255
2879749
2934937
7994580
7945984
5919782
1855874
2226839
2264613
8510478
7199961
9232285
2859
2554863
1749946
6901345
1572892
8413903
9853750
9264887
2823021
462598
1254909
1821031
7530278
7856125
2985875
4396290
7836305
3114178
1232131
7156917
1191250
1209661
2109683
1344174
5434408
5188820
7561978
111569
1980967
3797056
1320798
5318438
1236070
290051
1344878
4740709
1139146
9159035
4758990
3119928
4159866
1323030
5969657
4731343
396910
4452790
1964444
3298054
466748
4696848
193741
2165917
1597287
5149883
4897340
1342906
1963599
3603318
2318544
1756243
1996228
3224516
3647991
5849465
3887252
4165639
7648849
2402762
5801752
544108
3159298
2842866
4170747
1728463
5339322
3766357
4158820
1512713
1428525
122884
7107724
4879370
7235899
1844729
9985087
3409742
2355052
254825
3757102
190518
5913098
2608883
9418167
6349772
5790586
1282250
160857
2666718
27317
9724880
919304
4532486
4630420
5801761
3543433
4438628
3275302
1690859
4629067
3412318
3883366
7433158
3433052
1461250
6725830
2792547
1563863
1985458
8369225
3207289
7702884
7675000
2249262
1963838
1719850
1428798
2598427
1403695
2727170
386204
2390972
614955
16589
4832847
3221098
1994199
3973680
1141385
2371074
488735
533144
1193417
7453612
3887937
2100073
6876590
2470442
1643318
292033
3718078
4954971
111372
8103808
2714358
4713098
5718998
3665167
1631382
1683071
7762005
2227542
2653495
2538408
4603418
1865752
3502910
1618230
9675177
1501661
2715897
5103825
1626949
4808119
3690808
1556849
1653758
2838097
1322262
3880802
1322435
2704265
9772028
6890028
5737436
8353416
3558402
524116
3885456
3885219
7390646
1235562
1523331
2386450
7586093
2618249
2628090
6838383
3728299
2215678
1174572
4406988
9806077
1478555
5942669
4509021
6861236
3439596
2495410
3414946
5463359
1157200
1101298
6945151
911086
3620334
3423439
1521706
1602717
1550853
1225313
8174065
1362041
1489716
7777411
6234387
5522406
2234631
6692395
2721923
6327885
7769302
1433114
8485100
3167640
3837004
1313041
790082
511870
2577061
2915943
2676600
3285453
1215707
9662002
9397013
4652723
6922620
1483141
5608549
1217003
4697469
4802769
6209602
1522210
4198607
122650
1873142
636395
1369328
127036
2877708
3812335
1480531
5121163
3400275
3694715
2151071
4276572
7124123
5984541
5349835
2612150
1617880
2392627
7599607
2360745
1830153
1374919
1307425
6499118
4145921
194094
5271373
3699025
8824356
3328457
3113673
1175647
2672954
3382334
1236079
2383434
1661305
5262472
6133219
1330398
9173117
2768433
2688795
2871503
4610611
1474003
4384729
747537
4211164
7425233
1764982
8247613
9713714
9972157
1540867
4602091
5489355
3405185
6723773
4510643
4384127
2494499
5299324
4690166
1575169
8760686
8612343
4917084
3797898
5136585
580161
6204983
2831331
7195864
3183114
3416890
1733955
3652712
7287090
9174897
6900087
5401773
2540356
3744728
220799
1174139
884468
1360406
3196284
1936961
2700679
3776470
491433
1876807
1487202
9391551
2254687
8433492
1255791
6594842
485489
1597048
8738511
1481958
7227656
8289874
3631590
2536566
7351217
1391185
1724316
2696938
3255642
5353341
4314952
9194464
9940611
2205368
2287479
4260027
4880748
3646600
1386801
179338
2763847
2691812
1990160
4411604
1165217
9530789
2489289
1751828
4560044
3710129
7922686
2230607
1153597
1548691
3297513
1237299
3989750
1617286
1755901
5685849
1220160
3472439
5541070
1278921
6264668
2960981
4944488
3334468
8544091
1477842
3856946
2157645
2965366
3622838
1793619
2655627
1607564
1371298
3362785
8970812
1353689
8689300
1896043
2895927
875674
8650746
1149810
1338445
2765503
3922633
7713145
1787797
3784143
6944127
8399005
1637776
7803476
115418
1993444
126047
1741876
4723978
3793046
4860132
1233610
4297576
2419538
2601171
7810083
2612616
3591977
3540820
2325571
8838617
2726477
3431812
1996144
1450497
6455623
2953962
8528067
5209656
2405737
2522382
4651898
1645633
1912033
7898820
3668206
188712
178335
3861033
4244075
8450932
2234065
1155669
1639622
8351477
1349299
1822120
3445166
3850593
2348041
2329464
2971522
371718
1269126
9683418
3596361
8824312
6971185
7545708
2501405
1378132
2798569
5951000
6421512
5388524
1880076
2971391
1252177
6979016
1606595
1281922
1191145
839751
6214410
1854261
1126407
2606384
5806429
8272948
4236261
812781
1920334
1142398
2754993
1656677
2868371
3300952
5586821
1703366
3558303
1433545
3625462
2496361
54588
3370855
1844037
8256342
6612497
4338678
3867382
1901219
1134999
4475505
2482054
3568737
4923184
273707
1853120
4906342
2490620
185655
3802243
3844682
6541611
2238336
9832122
1427574
2336100
5111837
4561337
8901671
4808406
2918958
3947199
4765949
8685697
6866425
5300550
5673700
3383945
4352516
427123
2107062
1378063
128261
1353219
5180178
5265388
281825
1489376
3535647
1947277
7322400
3712773
1984454
8402223
666921
2414129
3834949
1242109
2861814
123610
4221878
5709826
1519783
2623892
2223994
1117101
6355239
46582
659872
1953414
6604916
8346232
2774432
5818573
4769699
1802630
1940549
3998102
5930572
1289588
4862994
3281547
1387788
1489718
1198037
558835
1804941
1482475
3814618
4529101
554234
6337803
1825526
2265167
1556603
7671727
3575924
2546896
6657636
1835638
1160882
1935702
7517720
4183577
29844
8406332
9407024
2548718
3326859
2801413
7356642
2435779
9211416
7770184
9153114
7742656
9478179
1123919
1460975
1917854
3369525
8819045
1969219
6394579
4694761
1819604
7111388
1662522
5964144
1553424
312970
2888200
4615028
9163027
1117344
3255662
6668723
4648276
1940453
1218785
4565377
4743921
1891330
2639553
7716161
1697180
313091
3206495
1363988
4530275
3671345
1214092
7389317
8450422
6836660
1841267
5236515
3141197
1268226
9755247
2949038
8446776
4905877
238933
1566813
2142394
3641192
2430677
4967934
3325473
1573582
13658
5607572
1498370
884313
1239905
4489477
1671486
3915214
7752068
6177024
3405469
2600372
9718405
1672956
1987365
2669001
348321
8258435
1256757
375345
3240933
1807520
6933095
2377282
1112612
1176467
1136340
1506814
4800421
3745454
7628217
5166509
1673450
3638355
1872569
1641651
4390914
4948694
8569828
1144144
1959297
1393989
1251664
1998222
2553303
4765916
5862244
1486315
6380276
978209
1291965
2796661
1164418
476779
2687851
3438134
2467318
2810512
7594140
2985788
3771285
1615258
7434199
3268525
3740405
1405738
6737023
691502
2163134
2869372
3998322
8281266
1547124
979445
688641
6478478
1350603
3612564
1582313
2391702
4275801
2120400
1219444
1101330
2446616
2536503
3760551
1865543
419480
7819175
6462136
6392951
2265483
1604339
4310913
3850446
3299335
1920512
2791472
3782404
1362069
6379602
2112531
6813436
1782637
3996256
2854554
6705458
2265989
5926556
1553385
5267303
1726210
8201648
2111274
1393827
8956541
2408922
5620119
3198093
3359131
1332928
8758504
2174069
1661355
6653207
8351805
1830791
9840532
3880733
2950443
9826496
4287218
3987069
6279156
2548976
1342201
6642330
4221376
3914947
1529819
2931838
6778993
6775963
4287989
3124240
3969687
1772948
2731642
341200
7883726
2139180
5716785
1444421
2408822
1212138
1847588
3911609
2138525
8424804
8330412
9351611
5133693
3435371
5846616
931168
7789366
1756778
3821781
1972973
3253670
9744083
482149
1854478
5153402
175821
9999071
9153202
587200
2929523
4350173
8150249
1441034
1387470
2665657
8504554
2573298
1313696
2633157
1731761
1900323
1202848
6103625
2451538
7635072
7377121
6711141
1418625
1356604
9944583
2957249
4912100
4319847
6111606
3547175
4307230
2342411
2864218
1217931
1813956
2768201
1795202
1260342
1814014
5508576
1417194
1234040
1576111
3808162
8279287
1497376
1843754
157857
8254143
8573438
2233566
2488424
457362
3659634
3859096
176654
1811058
4849499
4379706
1737973
9757450
1275097
8187021
3270093
1972079
1464046
278187
1787849
2310855
2130080
4482753
2598977
1732800
226057
1187420
8115164
6325669
2400768
9153986
2513447
5566767
1133209
4741451
3838709
1707330
4910714
2662890
1921272
4580642
3460774
9609614
5183693
144279
5532089
5933325
891318
2990935
1189202
4405200
2633325
1507413
1900180
3720800
2651227
352405
5679331
4591860
2507766
2821423
2201289
1807478
6451720
2125073
5344451
2438029
2655012
1544454
3400598
3366017
4134306
1502240
5935758
9568041
1431101
122224
3592098
7465328
6745798
5103220
4572901
2603726
6541863
5723387
9421524
4246384
5184685
4763947
1864718
1550898
1788875
7501605
4398123
8199304
9138898
7969042
3716508
2296830
7544140
178436
4616661
4803265
1927023
2725386
3250284
1359778
3265263
857219
7990005
7195690
5305943
2720342
2718577
4395364
2639576
6739084
1829009
4299696
5618279
419507
8726797
1331864
1961431
9689086
5701265
5416817
3219683
1113073
1505786
1467724
1365160
3716213
2394730
2575156
2105123
149647
5231697
6565857
2225070
2304247
1633063
7292818
2743080
1913515
4790925
1596384
2372650
9324330
1186979
9686000
2910703
2260520
8715549
5404475
5520317
2746581
1367015
7251197
5761793
3938266
1168149
3954824
1815243
58381
3145274
2139632
4386856
6373848
5635632
1727584
125277
1111680
7403030
1410045
1838533
1999903
5467167
1871301
1202205
5714509
394072
378229
8744667
4999438
4921323
2933998
4395072
2394904
2322398
1743004
3406904
2547558
1296485
2687555
261470
1587273
1737053
2624428
1216011
3494584
1500033
2568829
4561518
3736259
8782063
3335595
2306767
4805339
1476180
1531411
2199860
3821690
1389134
1921637
1472148
2403950
3349475
3146185
1189621
2340974
3423090
1234718
3108041
7391607
37826
3649957
167761
4524143
9365566
8647379
3244048
5829954
7215045
2192883
1796785
1305020
3740636
3325702
5282489
7481086
9838158
1304463
6416426
4599284
5893845
637665
244636
9971385
2116687
7356722
3962605
1253005
2452996
8270409
7366556
1492846
6240745
4182943
3581749
1129506
1505032
5703029
8538387
2536764
1828551
1266157
2962655
3209096
1125981
1442630
1155010
2353781
7145108
3934743
669517
2503613
4620903
4542544
4438602
38093
5328538
257590
1382197
4424286
4526144
6344894
4518362
1800273
7440256
1307173
5296726
8564149
2543712
8206334
2851012
8165459
5429759
290356
1589833
2273659
1627159
8574784
1776713
2514354
8554422
1623107
1632194
446343
1852645
1233288
165915
2669272
1796889
4857576
1666259
218145
1966829
3532501
9194327
1930019
2691297
5573328
1415726
2328426
530454
1875077
189315
1905709
3576588
267038
2436282
3144960
1705061
1769454
1185507
5998105
2321905
4422101
1905782
340152
5136558
2910663
3556183
1824408
3977293
6750716
1701779
1399809
2914440
331233
1584427
1393889
1349545
1234639
2844772
6620778
783318
8609105
5775019
3918774
2525851
38661
1664808
1290662
2218443
1138211
1616016
1525836
3689427
8180194
522157
2532402
6620541
8826619
3366929
5451644
2613243
1555388
2888575
5933312
1323526
1569922
179858
1342769
1635946
5888070
1886160
1196949
5248029
377294
1240987
1351844
2283256
5729488
7849876
3449476
6853644
6464798
879666
8871731
2670618
1559395
2723586
3212457
1685005
5367784
1484901
2224595
3578152
158278
5376760
4341651
1117250
2740617
2893706
1616606
4350139
1845005
1264810
1815012
1439582
5453093
2832576
7947483
1948859
1955388
3651346
82149
7319144
6803429
1591157
1322031
4359093
2512633
596683
4692236
2568234
1317699
2246042
6864403
3327410
6200004
4836005
392975
8301438
570751
5635671
1804731
9159725
718984
4279852
1349982
1397780
1139432
4855920
1838263
534858
1126086
6696126
1114147
8930128
2658567
15885
5441936
7295606
4194578
4464424
8211933
1934202
9446240
3791498
1519202
4684034
6494134
9786544
7219247
2167555
6364646
2615843
5258126
7750022
1353781
3855261
2946428
5225463
8559181
3980927
7984775
4144628
1127500
7102693
2708320
3667815
3941700
294876
2346446
1723014
5716466
5985561
1962367
6613832
3911010
191239
2908295
3905723
3690869
1429353
696818
234486
1218394
1499060
6277553
3319310
2714610
3566082
5189199
4790678
6635830
7462863
2951376
1697495
4264576
4732296
7940570
2970469
4371764
160087
1301288
1458319
2463528
2337059
2909361
1713713
64801
181812
2103151
4150013
4823933
3702321
1113372
6171124
1942299
1817719
2858694
