1335805
9421012
7773161
3501850
4379297
3160095
3718710
5324232
1424011
3511282
1283977
2333084
3838332
2151243
1505043
1896297
2895760
1840201
7767988
3159696
6870050
1848237
2223441
3797204
6177438
1369218
2118337
9273590
4171719
3909144
841028
4914380
4853368
1227056
1967765
5239818
1376885
4175054
1201641
9988345
1125310
8903679
2291339
8697155
1799042
1750473
3457757
7454974
2287884
459531
4706104
5646585
2135250
1526542
5303543
636188
1999683
2183724
6756093
1864410
8610533
643352
9184080
237225
177977
1153433
7988359
5131795
1656287
2376701
9841767
4683413
8654137
6631907
635607
3365075
6686926
9215175
2386996
3863036
3905672
1849140
5563300
2961803
2373827
1140778
3854336
1691524
2244074
7507520
9162738
7185331
3161369
3851490
2200475
8578446
2276097
351318
8360913
2891225
4965691
2929068
4921092
2485697
3637685
1635249
2328559
1282411
3261734
5290902
1606902
1711222
7897239
2100051
1445706
2292826
2654405
1144261
3193210
4241718
1830644
2492183
5776280
696103
4823529
4722213
3335625
3962861
5842084
5551141
6300105
6760453
4562349
1538543
5779163
324448
4140153
1620144
1902405
1619986
6108464
1258375
9769675
9212303
6312790
8230205
3896311
3472912
2896663
3619884
385212
9118387
5297020
140131
4758637
2236329
1200237
4445642
9626523
2382758
7820798
3972688
6994717
1605944
5327458
8983727
3807771
1292822
7925951
4937009
4418125
1763771
8869920
332113
5251424
2886325
3128885
6601078
3996193
1383722
1580290
1915739
5613168
1719548
2119294
4900760
5588426
677311
1489490
471010
5845082
1968407
3841585
32947
6587132
661590
1668886
1198315
6390141
1500435
4533890
1727344
2386389
1424151
2339356
1897133
4655315
222195
1265705
6910839
4736846
2906774
2789247
98287
8873475
5896695
154931
1544570
4437079
4952809
1925365
4902890
1767627
5425981
5648513
6243069
1354682
9830101
2646371
1576005
6247407
155526
5964540
5369750
8454869
2749096
570618
4127927
8842269
1239233
3814751
1976954
967912
3158336
4750998
2830009
5563494
2588000
3812914
862501
2309449
2542061
1355604
1283516
3573534
1386907
6418975
4181079
8747024
5809035
17457
1277495
7632262
2554342
1286315
1530498
6975729
1181777
1562801
1506450
9837447
5553476
355545
4369122
1214162
1362434
2226456
447928
175458
1627297
11241
1100655
5557955
118168
6488978
2792269
2864240
7930730
2182955
1328869
381015
1460352
2914606
475353
1827654
3535107
3930912
952132
9177689
379103
726528
1601482
9824091
2475867
4421469
6952387
4637887
4187704
5857002
2178848
8821013
7378395
2287783
2227186
14263
3122462
1502632
4536100
3559584
2775343
9907086
1979161
4351555
1389041
1400941
9249591
2790563
1118424
1708494
3768943
8204222
1955068
7504838
1702945
1302840
1766349
2145738
3914129
153300
8448003
5761149
6427800
2196491
2693514
5311062
2918210
4401530
6835082
3725314
1640968
7349567
5145767
5540734
8486922
1980877
2982905
7515509
1312026
3839453
1543680
2505107
4976347
2215083
1355383
2736930
1258651
6959807
1841911
1235836
5787718
15727
1556290
3597724
1310596
2669899
3337664
1207723
8513629
1554956
3358313
7986687
2884509
5491808
5358995
9962330
2359839
1853343
2792632
1336589
581674
4568247
1164049
2548194
1153301
1801755
8780963
4503239
7583643
1681482
3845523
1346026
2854565
4259936
1394176
6122600
6249649
1114600
646711
2724658
2944828
5505034
7349362
8638649
6577111
4887446
1250700
1108768
128904
4475545
1418223
3993565
1144023
1924084
1199892
7628914
958212
7901088
3615814
2772493
3692840
8302009
2382538
6433761
5299451
3976951
1357782
1504030
79611
1755751
9733265
1900299
1436269
1714592
1410148
3164584
2960336
7788444
7170487
8134294
1931042
5310577
5335051
592755
1555334
4208011
1948498
1224786
3283872
7779138
2204175
3831256
1258986
3282837
2562431
1779341
9585813
2972357
1996563
1902112
4726156
1871279
2567254
4286991
4698893
1932595
3969800
8448779
1583830
1171411
4849580
9726799
8816508
2635464
1584615
1664449
1595290
1232431
2531330
1997030
7154274
1156550
1773816
8717287
7425001
5743375
1366807
1946432
6369586
1244690
1644619
7931341
6595130
7549644
8782331
2551289
1386932
1858534
3692347
1914449
1404011
3808355
2414666
3425432
7476066
3114932
4711778
5573381
2343795
6207465
387664
2772666
914495
2911838
1566027
274844
8823271
3173592
2577076
1777148
6641118
3873805
4730547
7782351
1526482
1528683
8546402
3800125
3159271
1410984
2421132
1392248
4463010
1510762
1521238
5653117
1370448
7548381
6638515
1918422
1509613
5586334
4720548
3412992
3715067
6118107
3276306
8443450
35053
4894182
2256956
5448870
6565393
1419347
696791
2631274
7914639
7243916
267838
3599836
4377359
7536408
3946707
1667922
2503004
277644
1303392
1635826
1740061
7922339
2356213
1707557
1800227
8476003
5327487
6102052
1657528
2638718
2629910
2299393
2364532
1477776
2776290
7119694
429393
5216220
2601230
2963988
3461050
1653406
1169529
3449949
9681337
3600163
496208
1757070
4851153
6428913
1972959
1932086
2663528
1975356
2157911
2364979
2530283
6568911
3142845
1402160
1395030
1621307
2228221
1852630
2675555
6152298
1104543
3657976
6807013
6341163
8824658
2183273
3336039
5995900
6672079
2261566
4603740
7179399
3410408
7373791
5561993
2305291
2109676
5831386
4787693
4651284
6802644
1655584
3268461
2755967
539910
8860059
4390926
1359778
3509756
1863449
389929
2724050
928339
1661240
5102411
2685978
1675778
5185137
7301112
6527535
5299370
9172410
3955424
6250527
2864987
3277450
1303125
1762878
5618415
2814607
1655811
2669530
1492072
3902429
5265611
2498410
6139364
1523156
6902311
159504
2590393
9212012
1459881
1613948
2257979
1230580
275462
4784983
3739844
8971131
7130584
8131139
3874432
1683462
5812442
6542154
5430371
4379889
4387900
5882693
2224684
2583838
686590
3210347
6464993
3365225
3670715
4776064
1425679
5848640
1615216
9842281
4525556
1318603
1729562
1439793
7901251
3553095
1906191
3696253
68943
4262728
159027
1153516
1980955
2928971
193647
8801038
3957527
9229094
2870925
175161
1458687
1859221
1290911
4640269
6943990
5240500
3595062
1273155
9739697
423906
1629566
1360886
5930457
28944
2975095
235471
2524686
5719757
3316888
6926612
2482286
1569724
3876468
9714063
1204114
6810781
1155727
1407238
6708924
2408513
1665534
2673476
3669385
3922782
1769892
3175353
2170213
3117139
1854346
4530098
3263802
3928720
2847956
237199
753997
8764807
2449376
1448949
1142834
1507811
3766603
1659906
4589892
3503181
4248972
2785014
2876709
8989660
2267981
3976670
1539742
278291
1666433
1364336
4584843
1694632
1166619
3998537
3884048
1356848
3702198
3898317
7770310
1423593
371819
5942544
2593633
6700904
2167760
6164747
136306
1927574
2573016
158937
4736441
6404505
1586660
1876317
2285232
163705
1401979
3446820
1278366
1614859
2423415
2783591
2437759
6412577
5193564
4921815
2892929
1244307
9131163
5782263
151694
161894
2594662
2479977
2866809
5708588
4669946
3781286
1119590
3770044
9748432
1430919
454526
4394179
3225791
2434309
2728825
1395094
168009
1151312
3792068
5394625
1743583
4652423
6398931
1402195
3669429
375461
2169455
2161539
9954984
5953401
9699310
6728965
1992940
3876220
1158288
1965235
5483724
1354962
4775407
5865201
5959951
5728855
3752768
3685956
1830171
3959676
1598682
2415395
2431625
1158084
1526439
4579103
1968004
1716269
1385356
7938972
41259
5639449
1111591
1623914
1180706
2535087
2295216
1909232
25526
2132913
5969425
941274
5307499
2229145
7623734
6381092
5382999
2944983
3408537
2992266
3782462
1482974
1107641
124049
6357714
1394597
8872182
2975163
1761960
1694126
1328023
3812243
3266006
1513074
1690611
1476081
6680530
2871670
8427015
1892085
8892850
1142653
1716971
3820653
6804337
3945882
2106929
4665373
3239544
1326598
1922317
245391
9516034
9198024
2233413
1607422
1981575
1715223
9225480
1414286
1169815
9279638
1165487
1518243
5582632
9301403
4543120
5976480
1799266
9810372
1388808
2170107
2914202
7997250
1293947
1566627
3720125
1665317
2701489
3305807
446558
3836330
5975692
2544880
8844988
616401
7461696
1409461
9407013
8383651
436491
212735
1975405
9759309
3437212
1232997
4736523
1772604
174470
6865082
4984546
1761696
1688637
2483960
8206348
1994861
2923043
199141
1776674
4437325
7670631
6726872
8982204
1762620
2847347
1427671
2664984
5359846
7182732
3345512
1213068
5355690
2454099
2803328
541586
42410
3867012
6425290
3852206
2748932
1958573
7355961
4752663
114325
2936172
2281178
2253626
6100059
3360646
51742
2698781
2569391
1239784
1501915
1452542
660633
1400329
1219631
3198509
1596004
266646
1957097
2431801
8666021
2806879
8627479
9474272
4469741
1192778
1841522
1577504
7195034
4897568
169060
3966736
1959899
3620151
6304417
3445146
9711210
7166640
4214899
3188001
8249030
9465927
5210364
1459427
1380254
5114832
7477499
3428200
2171600
3123708
1336212
9701747
1376934
2661731
3892675
4631790
2473328
4789350
222780
180898
3951445
4397093
1157765
7724738
2298599
7549916
1353559
1872930
1766423
3273304
5305861
3419512
3543857
4832909
1512541
3746028
8971949
5515012
2677931
4182295
1859568
1387424
1409052
3490283
586147
1271649
2705187
5117336
1254834
3196669
453194
9692913
5633990
3967992
2162326
8257446
1845689
2762954
3593124
1375565
6364849
3623802
2971505
1127782
1582763
1876674
1328812
687646
2647506
165981
5994274
3397615
3154362
1861781
1391995
144407
3966078
1127075
3625892
1258583
7188729
6536325
7748482
178951
1227398
8619568
142481
1599621
6638734
6684740
2268122
1359518
5231056
5325472
9868615
565838
1876182
6503241
7256363
8884054
1847758
9987210
4359904
2983557
3619773
9296079
1646828
8257016
3206151
288710
5346869
1319070
2708159
1492616
2446725
1730999
2710238
3201775
5828569
23101
7527142
1123480
5216154
6114243
2858169
5461921
1410198
1190323
1596270
4987063
3326579
2423935
12350
1524467
1422569
4217700
2675169
9471112
4691933
5604412
2903668
8919030
7824762
1101326
7429506
7592259
1864165
1451088
1410829
1692832
1532802
229582
1279314
3621851
9415208
4329454
139569
316448
7712614
371831
1571818
1266409
153860
8717652
8495021
1841460
4914289
4735229
9330384
2902148
4840832
8663046
1310424
1566539
1722411
2479159
1189179
5387723
2446425
1742177
3263046
64646
3347225
1666303
1583108
1346933
3819701
1269168
6467162
3848625
8139309
8711150
1622386
1284234
1681237
761642
2150128
7584704
734454
3600598
619524
460927
3867639
9151847
1803685
6858287
7651080
322797
8669522
2445885
1232401
1839176
5133445
2896973
16153
5371053
1930467
1371762
1867813
5593162
245
3952325
1202438
1978011
5525864
7204773
1113737
1998205
8258461
1337768
2961575
1476228
524015
7197920
9809130
4205127
454804
127360
1510524
7192250
394055
1770308
4638244
2992439
3985226
2737587
9695239
480602
4731692
5542404
6177347
2915713
1469478
5829240
2512590
4820554
2933224
5409654
5712974
153298
3198340
8241977
2761429
1622339
5221818
3883034
128803
1228162
2148416
1662069
4546266
7903862
7703010
3836155
3529226
3707840
1262566
4275604
4925476
1885775
2269749
2268678
5531962
5961585
1839123
2789826
9451865
1942991
2488848
493604
1665923
9864969
284490
1213011
7380199
1252323
2804811
198827
1585159
4597760
2937324
2664467
4557379
2714628
4999819
2517638
1621485
8143198
2109985
1412945
163223
4971068
268509
1921550
7274628
4506869
1218752
2404289
2614054
3774653
1102699
6805065
3115956
3940174
1745148
1645552
2205635
182716
2954093
1171320
2724187
1360373
1543171
9914654
1675910
4313847
2970922
2261822
190362
5186679
2725440
1204822
5721788
3489434
1369134
2313422
8280760
1343515
9460106
4916753
9586994
5593316
2987397
196523
1166480
5568376
6318685
1790070
9964334
1238398
7244369
2728645
1875742
6347923
4422097
2607479
1892373
9567538
7506821
1104954
2197654
4268567
2187704
7824504
3356056
2464333
5519059
4335721
4955850
6837617
1718255
1361350
7509482
4372249
431940
2292595
5902771
2895340
2614139
8243806
2154243
5508600
2476247
8248197
1937575
1437550
7212772
1815588
1819665
4519300
1632775
399455
3604336
1503279
3183314
3194358
4458916
4751403
235415
1911586
4745038
1589184
27101
1991272
6583772
1498119
1649613
1431387
281498
5804849
480637
6388262
2681475
1883928
5712113
448699
1847134
2230795
1716232
8506023
1360060
1166556
8540977
1152708
1114957
3656075
1323894
1866462
4973085
1824357
4441053
3533306
9825551
2451753
8155072
1773481
3504287
3209262
1967030
5882426
1368795
1192993
631259
5772035
8471731
3933742
6274450
1871538
2852322
188518
6209770
7555165
156105
2855885
1888574
3295205
7363175
2863979
9263469
5741656
254188
2982738
381384
328630
1353819
3684171
143616
1781008
8675876
1368314
1733946
6888216
2328008
2781589
7167006
3371028
6224181
1292355
6521538
9748115
1302419
2272402
2200282
6414382
5902428
1233056
2215357
277434
1130625
4897981
8590450
7906124
630221
9412704
1564739
4288858
4916084
3124747
5339010
4585914
3619644
1493337
2108032
3691762
2229905
5872941
13834
3572261
136656
2407762
9870486
1564534
2657847
520733
1316980
1355699
4994024
4916499
1480974
399841
2844070
3917581
4326226
1915033
6646826
1768966
5744745
5225959
4554615
9975435
4350622
4158281
1532615
2833948
4250777
1337362
1965498
371296
567486
2814954
5949555
1255419
1197818
2155715
1402320
134398
2112637
3224546
2781521
1247637
9113570
2759863
4971867
2832169
3524887
911774
6285283
1831766
2374921
7401600
1980614
5439116
1580345
2429581
1272897
1872761
238424
9707972
1267979
2843158
1955267
5801905
3438042
4633817
1535100
3557617
232468
3611972
1744279
1979122
2129486
4994298
2723688
2389980
9434955
855209
6881930
4779353
8293905
4662181
6864479
2491964
165778
1575362
9485479
4365536
170286
1740315
2211249
2593673
210288
2341200
4605672
5350307
9164665
8410011
1503400
7977599
3603832
5628717
5142519
5860309
1230221
1370232
3234136
7961994
434035
1434141
2129788
8804282
4491275
3657120
1846452
142380
8432396
1466093
3421785
2786953
1776379
1934139
6925362
5206076
1820685
3293267
1119427
8528669
5746561
1278206
3900785
6854900
3610062
3341899
4871816
1237156
3774004
7873424
8903871
3681144
2865586
7774234
1182291
1380053
1846067
5255419
3463668
3752942
5403036
4299896
4924663
1291256
2199588
1172237
2318743
6943928
3522251
5732206
8247340
683892
3667597
3349018
1287276
390109
3435671
1674216
7946670
3410465
3179949
5188287
5870513
1884335
1770919
4323059
1120374
8662623
7418979
327427
1157020
5577510
4634368
1653511
6855974
3179240
1739598
5342715
2617701
1996002
1792759
6338955
252573
1826485
2882419
9931654
3466625
3829725
1130009
4193666
1913205
2719486
6423591
1116818
121640
1201516
7849530
1723529
4311957
6789416
2187054
6587105
4635731
1676116
7842274
2303822
3392978
2499960
2158810
1892953
1182801
1824587
4669941
1651043
2890323
5626360
7452912
1150591
3781728
2853631
6120751
3572266
6995403
1197719
4161958
3267059
3823169
5143669
2759091
3796557
2769707
574115
3586060
1643211
2511649
3657002
3127809
1864476
7313304
1304518
2307214
9461992
1236484
2861976
155703
4286672
2804428
411540
1238085
4637680
2134993
3987253
6540400
4981279
2116144
2876991
5131449
1448360
2567715
8571276
4657993
1856778
2779747
2845353
8649513
5402331
1395232
2386234
114466
1272278
8146157
2449396
3970785
4473291
1859657
612142
3587820
8140345
5638066
7176483
1250822
4963658
2662944
1288483
7564835
8204343
1722386
1297913
5278128
1895033
2618612
9572947
3461429
8801847
6610593
8241764
1680650
2114486
3699786
194628
1297119
3331150
8570162
4837696
3852007
1113382
1346189
5881272
3490942
1754509
1971320
3448813
2884716
18666
4294761
5200037
2494508
2862203
2155614
826532
1548620
6549005
578137
1285632
1710522
6740469
4991573
4752787
2210131
1405352
348673
3613485
6830487
1930594
4652535
7960413
1928837
1464315
1183508
4445892
4104986
1922876
1326135
2284840
1133774
7445762
4190753
3963657
1851808
5404651
3189498
3646308
51628
1101042
4754909
193367
7963081
1812952
9810890
9417554
4727785
9256072
2938830
4920831
1750009
4689004
3890423
833694
6192714
2962863
2365989
8889863
4830273
2794095
252558
2906683
3641922
5216067
7279888
8186736
1461605
2661214
2430900
5781381
6446155
8543351
1554928
2841643
1485995
5504680
5755759
7873311
1988569
3502831
1986062
3977922
1649534
1697005
1660196
1700499
3190468
1457596
7857160
647122
2751687
3112347
1494389
3485723
1389314
3640265
8498036
3885107
3571266
1491785
4561089
3666661
272195
1168335
1803829
6475185
2883677
2831485
130126
4144165
1147961
1512691
1336932
3984007
2969597
9607098
1804536
2545237
1991507
5867494
3493031
4101892
4859784
9914677
4354044
1696162
2675279
443615
8942796
1726419
7758370
6276051
9179413
8329500
5662312
2138573
1689256
5919452
5460303
1108953
5153419
1203285
8826908
617378
2859659
2873841
5425384
3778169
9259351
1225213
3427435
8961541
2544687
7340645
2248202
3902384
2225255
1992630
5644833
2842486
1968771
2587570
143617
6693824
386736
148207
1366026
8963051
4488739
2130615
7164246
695849
4756305
1244629
4326309
2509723
2818872
3371998
7150931
564797
2833043
4276300
4108745
1219021
1896759
1171781
1276286
6763898
1515461
399040
1344000
270362
1406367
884548
3249485
7257680
4138723
830468
5153910
3787143
4303004
3934499
266395
1365546
1298343
1295243
2508538
2164008
4293968
3786111
1146408
1372770
1712474
1129116
5291989
6873416
8231696
8823808
1570032
1564853
2431862
121099
592861
1477122
197667
9291262
1332097
2368147
1252485
1608230
3479175
1573234
6936488
1484892
2713809
1254031
1805906
1277059
2519917
9732398
621895
1306733
1598377
5498088
6834165
3604929
5910969
98237
1191873
1834483
2839897
6790287
2195547
9860130
1491503
2396817
2283413
519277
2693466
1115738
2280524
312828
1155494
4174439
6160693
6507883
1104751
1494488
8228805
1980995
5318213
2591215
1818930
3722539
8729886
5399533
1933620
468601
2621797
5185930
9561628
1752028
8875019
7195252
2749066
948774
1586666
3303259
4958884
2807659
9959250
7187528
4766324
3334991
1739251
4133817
1589996
9763319
5112617
3920007
3286239
4130614
2924696
1245744
1351649
4395829
9566864
6597086
1374687
232463
6555192
4319237
8170742
5963813
1641954
9967455
3153112
6810083
2255083
2615785
4781984
3244858
7300100
1303218
351605
8180334
67948
5668404
7833529
5386687
4165811
3934
360234
1182226
7892265
1963591
9686673
6554436
2487909
2113543
2668960
1496867
5226627
1337
1956954
1167530
9383795
1604363
5958719
112086
1237312
1430461
1244822
2945733
1719698
3291758
4409759
8595890
334827
5423464
8924063
1295304
3758064
571095
37688
3252743
1680874
4547853
6465929
3982715
7173638
2874195
1708764
6807816
4128164
2149385
1612903
1229543
2359563
3108437
1687653
2391262
5621888
3357645
2275070
7201412
4423114
3144050
392871
4999238
8696456
1900478
4280770
1383389
5878540
7938482
976460
267109
568851
7346535
9298737
4347346
5848730
1641983
1749407
1892665
4214518
2947382
1243875
3438912
7669526
2903126
1504439
4515214
1809529
2905123
8881951
6906743
2803125
6477462
1733950
2319199
7205884
8427203
4311521
1142299
142644
1851570
2863904
636798
1549179
5163576
1816882
7420182
6419649
3373387
1530004
1743742
4865700
3523557
4789197
6252665
5968355
2858060
2734160
1435904
6998097
4331895
972660
7965412
7825745
267472
4999402
4964227
2319987
2513094
2909693
750533
1719564
2519952
2717841
3914236
2299120
3332116
6253577
9398355
1289627
6149246
1143872
1547176
1156690
1445833
1599709
1764089
574944
1914688
3408596
4658153
6712352
1634953
4830702
3494721
6802669
1651065
7133072
5283307
173123
1994298
1818774
25611
2437746
3186105
3205513
2396550
2492495
3299384
2874794
2479382
6284763
1150582
1550060
1628677
1763549
1686962
2538114
3288382
6873957
2355067
1713098
2354729
5941036
9605046
1348955
1297284
583168
3171213
244111
5995499
6490839
1317797
5994709
1795186
2381657
3736246
5895508
5939896
9675764
4550115
1880045
1876464
898950
6770062
2732444
779899
3316847
2127
3210645
1141083
2491302
3448776
3984986
9503940
7943227
3283496
2140743
1249276
5579257
1259472
9669025
152714
161987
2309787
1669462
6310489
1685698
7482859
4865885
1345058
5563197
5866155
3694482
1670013
3468761
7492112
1740547
3244182
1516026
3615578
1130589
8837477
1118348
3952860
3469376
697234
5828818
1819663
430348
8408886
6453682
5888570
1443692
2114631
2464328
1698893
3473297
1821739
2609831
4166073
8827228
121388
1980298
1715066
2365610
5814259
1540672
7322538
5513029
3154806
450657
1722038
3597787
3875830
1237270
1237708
8369973
2730401
651523
1513356
9503449
1478483
614346
1338395
958613
6823627
5802769
7179356
2842349
1673257
1589548
2706104
6915550
3506626
7268831
1417698
2967798
1674187
2504057
6456772
3192376
2295621
6718273
9267019
1166233
2656245
7722127
2983142
3766121
9788346
1684821
2955199
3855128
7415365
1214808
8166783
4784555
1332863
2115631
3669228
5752102
8329901
6271898
1837683
3316304
9259447
9551370
1402604
4257450
1386344
4764125
347355
7251922
248526
4200149
4556869
1397193
3425802
7594029
6116685
4358672
1628272
1766803
3201373
2603486
4393205
1438094
8997642
9560498
1675385
2878111
1501809
7237617
2904665
3776804
8622791
2920626
2347723
119799
6412686
2595476
9824851
5246940
1664519
157751
1984802
1473023
1325772
3243332
1658234
8530086
3592341
4198196
3276089
175055
2382787
2822489
2542386
1365776
3462522
347703
8612058
2969884
2302083
219737
5196814
1523243
9225816
2816463
7114189
2768067
8228105
1985306
1392865
4240566
1946049
1195992
2149578
7395871
3591410
4347984
2676393
8318314
4675973
195730
1492577
5185325
3292959
1133906
3143247
3413534
1437383
3828886
49105
7436237
5121598
3359049
1489474
2415774
3457131
9842246
1182530
126073
7853238
3552501
4897599
9113073
1471624
3253836
2102963
6571683
2568144
1588457
3263513
2750800
1521172
4358861
6217783
5201896
8712330
2778775
1853245
2691118
3761844
1434046
473104
2839356
2326737
1903975
7396500
2622921
2162543
36970
5443246
3382243
9695607
8451875
5992438
289651
3546816
1892604
4469327
1783614
1642833
4547428
190405
2833196
2866286
1758084
6873315
1908385
6277736
9555194
468206
2163080
2907081
1493213
1758423
373926
2273645
1485269
9124107
9797981
4414893
2379107
3897373
1300061
9248406
1369461
9675197
9633571
3335361
8734435
1952344
3675588
1824674
7426168
1911243
2951078
1628496
1889190
6175992
3917950
5945681
4973487
5467003
8438255
7356319
8851232
1985533
1629079
2542527
1584878
1918609
2884001
3397644
1123288
2411039
115599
6179939
8321607
244451
232302
2426214
2299876
4862080
3554910
4822619
1394887
7833485
1822153
5837800
8399790
148803
8569663
1887643
6767094
2904353
180685
8749248
8467842
8983551
6373413
7799846
3526656
8186422
4957826
2762118
1960464
8368789
3829801
347484
8395406
1335437
125530
3363987
1913054
1512927
334690
7716413
196107
4984543
8888429
3797353
6184452
1500914
4367964
1558653
5972277
3981820
9460718
1891912
1255613
718620
7494374
2719603
7237299
5282663
3877971
3285959
3488631
2800708
3570586
2191319
7109725
3330115
1940985
3795375
9188967
67194
2437640
2814437
5943836
8650410
6633782
4748903
1539796
2183131
2666632
1957837
1293367
4217134
3613394
1575862
9936853
3871421
2670739
1857304
3982927
9354696
1104000
9300070
1711173
1399812
1293045
4856182
1461320
3841166
4176685
257676
5149386
1867241
252857
2553296
2699697
4662472
2291977
1459732
2512514
9460598
2774738
1820460
1162718
9157825
2388467
4155872
1721167
7193881
2732833
1755336
1583428
7669360
3788844
1613802
7642579
1164784
1113903
9300662
230302
3206473
1471695
1588403
1250224
5336118
4142191
7558231
127709
4949356
1269969
2921339
2606877
3948655
3665644
235437
2873885
8557223
4263832
5897167
1282434
6499505
1271109
1443349
3952300
2658624
3595461
110137
7514564
1652439
3610265
2620277
2257253
118841
4856481
1761123
4844889
7714012
116260
3791215
3655037
1234277
9774744
3362366
834871
118507
7867466
9120101
2454327
2994521
1429264
4263626
23800
1807691
347737
1540695
1869437
3308100
5206553
3452776
8436553
9300228
2436394
4164262
1861949
4509632
17453
3612437
8428527
2104001
1169144
2352093
1605971
2699494
1507636
3602949
4513935
4435633
1672525
1793097
2266538
3789480
5138754
5502530
6195283
1149234
5396839
1263226
2789121
3848329
1511871
5403193
5720651
2844566
3623555
2274951
8467693
1722739
1657490
6871731
6152721
2785922
1818279
1437101
6509098
6483064
6807929
4444505
160242
218682
4141375
7113908
7619195
1825391
2819459
6809910
1628384
3328301
2105992
18627
110661
1500144
592176
1920984
7170134
1622103
8269842
5458117
4702052
4538365
5432680
2817441
3319816
4568975
472521
6192367
3568645
4211435
4786392
6571809
1191183
865631
2788205
1874108
6334589
7946808
7851654
3770782
7422283
7116294
1362633
3966131
1101018
2978991
3318107
1624220
5962737
2528556
1217286
4185460
1179179
1642880
3518867
6213757
1872675
4550602
2608970
1874697
1159164
8364132
7954779
7163243
9921081
8687667
2545217
3504062
5841322
5754561
2559502
7100098
2325052
1728331
5757581
1547608
3550467
5845553
1191061
1770274
1673430
2905369
6481050
1473481
47659
2694369
263118
1963700
2499096
3839837
9799418
483866
8292989
1504316
3276753
2237159
1968297
1637765
3914268
476102
1448135
1603823
2281833
113759
448719
1879821
5934695
1840381
2421728
2449281
234903
3787906
5309511
1170973
2777298
2245311
2694049
6126750
1993889
1386255
593624
3951344
1143809
5803111
8299388
253575
4640675
6279644
1433249
1825842
3850195
4334870
8179484
1305188
123782
2816051
1328217
595161
1138592
1687877
7846122
1740179
9954465
815185
38634
4833718
858677
8532080
4436700
1562043
1274828
4471368
3712652
6972846
4561163
1116723
9930156
1370417
3886319
4411146
2161071
6732943
2150132
6682872
6895192
669339
225596
1432156
1617112
1960157
1211735
1776227
4819528
5384923
1695674
1154419
2644917
1880150
4869183
177818
1666946
6396359
8976893
1174270
5988858
6796026
1937192
3935288
2596964
770291
524293
1233341
1942766
2993959
1731256
1388116
3992159
8571401
9663487
125967
7997930
9917549
7314392
3859882
7489550
6684859
1110826
2710713
5677288
2724258
6110631
1158059
8978145
1699364
4774389
1409045
159708
1684718
5516639
6388417
1876416
5790221
2109573
1168278
8516884
2961284
2292324
1325462
6861168
26112
4455445
1226590
4176335
1283769
3769883
7865390
3460575
3774340
142680
333628
2130268
5261832
7235899
5255311
12557
216922
1974907
2738357
2526120
2958237
6320163
2163657
1116257
6539012
2124962
1586457
5309259
9943721
1866907
5757575
8278017
1469784
3282029
1145170
3793386
2987927
1682305
9926336
4429252
5130220
1192132
2620335
3572251
1121859
2897822
4695509
250304
648263
5516273
1290178
1996937
3957571
1492875
310821
2862634
4516819
2391928
9552304
2813018
4539532
5184628
147978
1175063
1178504
9173508
1243709
9253489
3128096
2607622
1873403
9940848
4241791
8842688
1782504
6599532
5712627
1391997
3390188
155602
6601678
4963901
1907944
5703311
5721093
131859
1654966
1714879
8265784
4234160
3101461
191687
5621240
6518269
4688582
3448450
1115104
1527871
6561114
1660454
5510307
530017
7335560
1479556
1149942
1310723
3646165
7910668
1532989
1310735
2989652
4460266
6831115
4265169
1144867
8926736
2246308
5554973
3373077
6957052
3126754
2406743
8927416
5210541
2172056
4576177
3851910
2774185
2992730
1594678
7460844
2642582
446677
9223344
9456444
1408990
4321322
122099
4307454
2597789
3571190
2338973
1242190
1956789
3581934
1511173
4258153
5456810
9921355
4181182
5286504
2480309
371022
4823045
4384830
7772104
4760068
571578
4494056
5442007
212238
5939850
28208
2537921
9602361
9374481
1736648
1659848
1938322
8153495
8729190
8999011
2650238
1735083
1119835
8307726
1593097
1378377
3512988
4903328
4840262
417348
2355717
1204013
1459257
1390729
3180960
6461319
4301269
6408668
1275379
6703061
1673159
1727939
3879366
1695460
5453210
1477438
3784260
7593051
1408745
6517353
167670
6982355
8254642
2757017
1853273
8224416
1586900
9936977
1129634
173175
8648572
1661539
1356874
5252745
521950
1173343
110935
6815856
4627901
973751
1736723
268556
46674
4359595
1410785
168416
37809
6935967
1787297
1346519
1308249
1283997
1241049
1276296
7858964
3929577
8564624
3848421
1175394
8972357
1514618
2334374
3474949
5121715
6780739
3908883
4911652
1304956
8838229
2939155
4492112
1515936
2429423
120664
7587281
9783795
2843910
4577870
6651429
1665151
1885610
5290606
8725405
790786
372944
5983490
1402187
1160823
6471456
1389140
2850860
6135488
360509
6454021
7385925
1334707
6631646
9595499
1891186
1103913
8446652
2400586
1334948
6305177
7898134
2895723
1353734
1687606
2678470
1306538
9783521
1949869
223138
438966
6875085
3723264
2689948
130373
6489123
3400864
1673484
1528635
1230379
4151848
1428864
3793721
5495732
1218140
1684047
1807619
2823802
6674427
4639830
3309853
6590952
6111584
5317614
1408931
6199485
5179176
4472841
8124356
2980338
6215267
2933040
3882242
9735792
36453
4729023
1365297
2925926
2227842
1574420
6138147
2385917
2903272
1364853
1194145
4435307
228527
2563730
6646443
3542135
7472234
3396098
2887937
2898379
414942
7813332
2945487
7166315
3294490
7704338
4180404
7702870
2874587
1267526
1967054
6515599
9231238
3458263
1417979
1650974
8181679
3395419
1674332
143678
3638181
3232050
3257983
2263294
3304687
7431186
1608117
4672578
4808170
130483
1281967
1698515
1521725
7612135
1332464
4652863
1161732
3692943
784253
1248315
745370
2663119
5149869
8428829
1434450
8888158
6817905
1286220
5767072
2628232
7626496
9596915
1463101
2866876
3759276
9434041
5788679
1364077
8655936
1479489
5791668
6303757
3775801
1927752
2457511
5611601
2466017
3592202
2403147
1617609
9905504
916716
1851708
4811179
1474594
9445283
4792991
3180337
1748291
1683566
2461774
2270127
1665065
9303709
9519830
1629836
1903768
8908985
5303695
4426548
1602697
2846511
1203184
5806835
1488929
6403907
3230366
1721270
6175455
1487678
4382283
2740374
6551874
4619621
2589861
979209
2271472
1369523
6307742
1977154
849065
9155180
4567559
1821153
1820503
2979861
1609634
167574
36859
269334
8235509
1130225
4219004
6545083
3224392
1164085
924626
7783010
616356
8459373
1785767
9638397
8278448
5859689
617575
3860494
2666902
8275467
3530011
1685891
1587054
5951526
1955183
9195013
1597100
276459
2735022
9950877
2289043
2743389
5471763
3424228
1953634
3316942
5173788
9354006
2300897
4202668
77916
3883872
1885840
1842003
1101481
7951314
6951593
1351190
3806904
1477152
3574283
4368374
4155657
1989629
3617066
2909573
1928888
41854
6240105
4262783
3192680
1712729
5515587
2299818
1767118
5278192
4393417
1528394
1670598
1299340
5498920
8441330
2327124
261385
5749283
2804731
928987
1329945
975324
6631892
2237379
1680748
1142469
5408499
3965118
1344611
1501155
7496969
2379664
3357309
394817
1283585
4887938
7652161
4944098
9718975
1238125
114842
8280408
2486842
1233369
2885496
1944875
5344241
2273331
2324750
3211080
181861
117309
8806915
2265482
1798921
1997280
185663
2523172
1288617
1974655
2967387
1654285
7707613
1374443
1195653
1183119
6324846
4620295
8439539
2191188
2655218
2596276
1257921
7952328
610193
1132889
3989863
298542
5378428
1339988
4954550
245483
818620
1778221
5594948
2179310
1161801
5406238
9542438
197266
8300247
291052
5943383
5201569
995129
1192721
3881518
6492334
4428553
1874929
1888136
1607374
3481388
1194137
5857028
1214276
3110669
3990140
1154607
8842755
3378435
1246062
2982439
9290863
1439471
2553096
3303333
1221193
190146
7764195
1357802
8164129
4691571
7140540
9608586
3422062
1414347
2339476
3293176
1704294
1896778
5727845
4353436
1817069
1905112
6835426
4538643
3504070
197217
4843644
9871340
7720715
4918111
6451654
3783107
1572955
1521462
1756567
3198377
3732293
1802763
1871939
393853
1797170
7495618
1979091
3200387
3685438
2440779
4633126
8799854
9574748
4798645
6174215
4310261
7408963
2298480
7566679
5527492
5106030
1579955
7157402
49768
3551464
3289831
256316
2652305
2948031
3885402
2621831
4945684
4147280
2147415
2877546
9712065
1645851
1822324
2269496
1270038
1865762
971250
733126
172709
1621325
1501537
4285560
2711598
2389265
4944422
5757136
1484505
118956
3696653
1712660
9274477
1207669
4644554
2481457
8254219
8848505
8416549
4183996
5766705
2683907
5876632
3710807
4619851
5254627
316113
2866519
3619545
3383208
3512453
1569395
1805538
7800942
4760873
7202902
2275545
2684302
1295469
256899
1613709
2421440
1814855
1873472
2141994
870511
1100994
1252695
4823565
1593666
2743746
1499080
5776293
1910651
1272644
1758285
5808268
4765168
3658926
2645840
4463118
1488212
3702633
4963531
2823792
2193331
1729484
5329271
5198394
3188288
9391671
1941619
1486211
2244373
1366305
2157714
8890221
6311911
1611333
3707649
7984580
1704323
3164266
4235633
2549599
1438831
8990084
1789724
3660169
1194311
1468930
2634158
2403896
3218853
6810046
7220918
4620575
8967690
8255146
2912191
9692857
4606326
2777335
6893038
2980569
6858490
160144
1496800
1458785
8653731
2385111
117283
884690
4938626
3890665
182009
6874726
4187564
6680622
1608349
7139021
9224522
1829713
1345758
2678241
1634357
1449332
3184232
6594666
4365360
4692730
6915417
9588318
2825827
5352602
2658326
6529627
2280833
3751402
6597702
1913263
3614998
5483372
1386207
4651493
1115656
5681606
1603501
2857314
8338298
675016
5638538
2712234
2337938
190361
8682916
5385139
1236320
1338624
289038
13037
8744772
1106384
562565
2586563
5792513
8484096
2353846
7104879
4205049
1573045
9967987
2934535
9923095
5674438
1659880
126432
1217033
6370264
3231724
1589242
6522444
7627119
1209015
7527853
1170939
6509133
4452428
5373651
467609
187301
2834059
7167547
5603602
2771797
3262661
8879802
7863084
591340
1787204
1765667
146557
3320221
1357482
2361155
4102715
1407405
4992174
1108523
376355
1335099
1442795
6851884
511651
2700529
632580
9192334
5477543
1674251
3243616
5630394
1866374
769530
2635447
248949
9137415
5304916
3890086
9748768
1877495
1317884
114312
9751107
1203763
776761
6447787
9562519
333846
3858451
5362671
8908278
841385
5119083
211326
2453
1444610
685217
788194
8883065
1124781
2358808
1112464
1833950
1183251
153127
9286588
1288388
658958
1768826
7460536
5845666
1282437
6295952
684951
664400
4384324
1377519
1118559
2647475
14753
2230381
43748
272000
2240221
1302879
8279825
150150
1311916
3940296
7263755
2274158
2624686
2248016
6440501
1513753
1558461
219288
5453219
6457811
1534061
7478115
8764776
5289515
5849317
1201979
1748547
6455631
339771
1555490
5336355
1432212
345512
5399127
5873860
1772539
123216
140292
7884126
9320266
9323981
2749205
431355
1748275
2967521
1783057
1723604
2881974
1606797
8409214
3675294
3752558
2578218
7401938
4197720
1533395
6110717
1769275
2530905
1536567
2599358
1921011
5871722
1260386
1772391
4967053
1384737
3845902
4578000
4155401
1306988
1651334
3679409
1635117
1508757
3119774
1480050
242792
446885
1460718
1199500
1129735
1572605
8979980
3180710
5887586
2817257
75162
124872
2294932
9213172
12102
1575398
1618051
2223518
3106677
1663617
1197312
8849083
9876427
1897084
7174168
7588085
167490
3260309
5145191
457325
1731042
2912390
5386049
1584648
3902202
1923234
6446778
4590303
1701641
2216140
2192196
7101861
1610605
6314366
3674500
1861617
1322386
352530
1554640
1455975
3595837
459892
6777844
8460187
7472571
1348132
3669961
2488694
7857973
5955902
5458206
1944496
2439031
351261
1450990
9618940
198672
5101497
9880389
6551853
189755
2834281
3240009
9400352
4290023
8673334
681828
2483712
2517025
6774618
1389373
4423716
2866207
6619106
6883025
6546628
3659574
4630582
2569138
1128683
8474173
3998695
2937491
5467722
1319660
2644005
1632449
2304710
6950037
1510540
5367633
1917167
3483968
7722445
3643576
7994151
4619694
2124054
1274442
1501651
1509534
186248
3297543
1820125
1451892
148316
225566
1120183
9180468
2269124
1935466
7743634
1680114
3910741
2625378
1345830
2989719
3914403
2137794
1876372
1380709
160618
1600271
724257
1150374
1619532
1997196
251069
6849582
1817000
1771247
1575370
1568546
1840291
3137815
2194999
522632
2897059
3139623
671650
1316710
2920528
4993778
1457178
5283720
2660716
2300517
9258299
2127167
8744779
115079
9141341
2545568
246609
3524697
167070
1394709
4295536
1285495
4295285
4532827
1430707
1396572
459379
7449933
389503
136163
9619943
8885957
7899132
8331498
1851881
2844275
6537299
133558
755280
3428877
9564876
2507615
6464906
1763789
1315873
1466948
4962775
1880214
1796226
1598248
8316138
2696803
1174539
4186324
2777612
1794364
1513027
1720171
8180902
4223465
2843258
1900715
2872242
9208229
2169544
3108514
8679429
6175250
961537
6603873
3479118
3761146
1778092
1647252
3783349
2265843
1982020
1295392
1979021
5751427
3805466
1378187
2696268
9495907
9105898
4476758
2774313
1307461
1541068
2323511
5786523
1751054
4139439
1460705
3228571
3609793
2870035
9831953
4617281
8894277
21765
1635630
6791491
1634212
3488190
3410553
4909321
3754314
7802754
2134670
2682441
8356201
3473861
6428436
7805965
127695
1296865
3541954
1979780
2622520
3989216
1785213
2419246
931257
1841438
2728346
3406093
1783811
9772056
6990109
1756440
1846796
1151438
1903073
2587104
5746132
178299
6246571
1271975
1631396
9794616
9438350
7300766
1718687
1300503
8747363
1317905
2952828
1294249
1496715
1291330
6133415
3988718
293430
3241014
6336162
264949
3667132
2673049
1458814
5182528
8448449
4366091
4962635
83029
224786
2498960
2589774
276043
8486465
6270547
197746
1356473
3189379
319177
4201442
7329632
275449
1964499
3601857
2768877
1246528
5542597
1280695
1971848
1337357
6426549
5528131
9478055
5926483
1904456
1711659
1747495
1729140
5184402
3275824
3404216
414635
8464736
2486354
7156923
3406236
4985704
2484934
2531389
9572958
1692215
3498311
1875994
3791255
5909667
7598677
884102
2669922
3252030
26639
3528227
7111934
5532187
2616513
130475
3924756
6446923
3387283
6192315
5805867
6694429
183396
2936515
3106288
5378820
4123661
9843240
1874777
1161063
7999139
9334948
2183405
1371117
5727604
3563432
8396156
1291600
2972396
4257179
5665325
2312526
491319
1331819
6841959
4718776
6448109
1434679
1797929
2618932
346441
4142106
9583350
1749852
14743
2756315
3441804
2878920
5430287
3875085
2254725
4700304
1989651
2254647
1349563
6664153
6600376
9961438
3235639
3231501
5506356
4947636
1938007
4602277
5178529
3900937
119149
1453643
1599407
1310628
2321560
1377777
2356911
6543986
1512538
1466748
1905194
1455279
9724491
6307525
3812095
215390
715107
7222647
1485241
2449511
2933794
1957293
5846026
2807559
4199783
4666154
1941005
1553442
1987141
1410696
3972526
2371462
1692973
1300308
1145278
129740
8966245
1567948
4184961
1958907
4713101
1500111
3898360
2957067
125531
5543586
1444582
4326434
1550894
1595729
166602
1679612
8372471
2516039
4534171
1660464
2126484
3158844
7556749
6250121
6583800
2913086
166021
1866283
1991134
2725948
2813572
1732477
2884735
3571943
3712056
6409800
9550257
4878778
4957665
1212750
7578097
5992615
3514606
183151
1286161
1869706
484385
2723904
1789785
6208435
6242786
149451
8916883
1371393
1797605
9993650
3729449
3527402
4289002
4677139
3174922
5785140
3223418
2204443
2297938
115266
7269509
1573944
7318144
9647340
6746766
2908790
527890
2304154
1460993
4412402
198661
1590350
4559478
1811142
8310180
7807838
1581015
1913208
4415097
250718
3813909
7761380
4470932
8445555
4355303
4653999
620547
977378
5655064
810100
2510423
3622826
6166149
5646855
3600171
3858805
2358491
1232639
2552821
6243775
2528383
9212334
3487503
62344
6174747
8594383
1903687
1435213
230340
9503669
3645051
115114
9718064
9389278
164354
2179347
9706210
1395756
2678795
5116565
2478618
3895562
1657790
1553871
7854736
4575880
9655167
2899827
2534610
2316355
1757813
4516460
4160748
1180547
2384912
4222804
180689
5243828
2290176
1893553
3958473
569470
9496904
9772742
2138200
3795510
2800839
5562300
3149189
5901474
1112393
1799863
2204244
3822904
190676
5356147
1956010
8486108
232589
1234196
7751883
4109770
1719012
1283907
7404023
3556487
5541752
2856720
718542
1912024
1138518
799784
1362477
9632042
8104618
2802121
2847345
2221663
7258930
2909726
1354788
1770450
1292869
9534894
4386603
9596988
1355190
2602457
3117409
559587
4613655
1432223
761812
2213405
2602325
4583632
5833245
3578723
1127849
1427874
1575391
5149300
1357774
643920
3349370
1530249
1338663
2809904
1233599
3747446
2944625
6500397
5999403
6781612
4350378
1417114
1100167
2683429
127514
5848930
7698992
5277707
1633684
5239275
1727090
6998519
2595155
5205241
5920916
2671603
4754752
1832484
2815593
4693131
1395886
4574886
3578905
1329391
1279701
6905242
5424138
5567098
2135595
3910527
7724260
1259121
1378210
3970776
1571419
2965289
6351716
7296733
2361519
1841969
1139271
9794273
7233703
3391346
7946114
1896332
8545910
1404106
3384688
965800
5225930
6578999
4773702
1416016
2278683
1305251
2367005
4243567
3363740
8329428
1863861
3105932
2254993
2604342
1323213
1354493
1804608
1945313
9854331
421947
4925587
7347598
8204930
4250631
7146943
5602529
1124904
6288024
3865869
5300223
3859186
8846811
1688937
5752279
4436616
5736279
2843519
3270081
7885792
2246901
1252235
2278629
9121037
2435840
5975670
6285252
2285875
8991541
3244832
3980123
1975606
3291193
5236118
2584556
2731102
4512637
2632723
183058
154851
2785327
1156714
9226464
2730838
167767
1604484
2350745
170559
1707308
8504519
3429805
9738399
4127437
3935883
1925642
4802348
9659329
2135359
9620628
1247335
3384984
3756838
4891618
4343070
4635259
1446335
4442297
9543143
4491710
9942612
1957479
1670345
162490
136411
3553942
4525894
1648128
6623420
5152878
3771943
2668842
1630964
4789406
1168492
1721322
9509291
5971187
1565936
1770072
5988501
2577087
3104429
1328289
4505976
1792851
7155309
8994073
4164907
1741805
4622641
1903305
1178749
151425
5596624
2811804
1358634
4295174
1568840
1485462
4176123
4215168
2939666
2796892
1444998
572040
730439
3640682
9576255
144489
2958792
1383969
3508006
5765750
5890477
3618736
5691514
8634101
2586710
1842730
6385476
7530862
6896676
6133432
1321001
450420
1841817
491505
7241800
4421509
4468355
1463104
2268066
6791372
1456772
2972195
3139390
6129798
2919014
1447727
4179744
715091
1699801
1554151
1922053
1807982
2457362
5607067
5971948
2347968
1753866
3390859
1955595
2657997
1623594
1318016
3734869
6708523
47563
453588
973711
167108
2407134
4207255
8281590
1379686
4710389
7732934
6664719
2224230
1190499
370569
5574165
8647143
1753262
2908239
1930007
6280735
1536867
6977668
1105712
2751139
6265679
321641
6300550
8884577
2583648
6591289
135997
3780098
322415
1691844
160782
3855247
6492102
4613792
2930070
4112305
1271608
1563185
2538158
4986297
6718563
245985
3311349
1415807
1921411
9456745
3331310
1276055
1563712
1619916
2738465
3515881
9106672
111955
3870284
9551293
1936498
1325528
9491321
2596987
6506908
1640865
1623307
2618591
1500865
1445559
2591017
6496315
1248823
1865427
112808
2914647
4211595
5661162
2329990
3303930
291126
2797681
2285662
5592440
2684811
183857
4544992
2977616
1416923
3135334
2888941
8856192
4138859
155933
9299404
6835583
1530034
4700115
143052
4823543
5331408
2223543
7945966
2907121
7996960
1785955
4564557
1778042
724007
1304228
2678342
3666200
5638533
1269956
1191910
9403845
7510874
1449592
1329524
1162025
1743903
2444096
1385302
1185392
1206187
1326537
1558634
2869251
2788666
1862735
3269639
4699144
1539589
1392905
8515531
7941827
7210500
166241
6958874
8725292
5641093
1724651
316382
1870545
3917593
841284
2383873
2499106
1250869
5600607
8855663
4628318
6601316
2145217
6883123
3481846
8153573
3831692
5163713
9474275
8549959
61740
9634796
6377984
1994961
1166686
4891865
4449404
3812779
1637294
3437195
3809786
2580130
1252259
172968
7410713
1599123
6127513
1484449
6429266
9274801
2166458
5502211
9362456
8132253
6526969
1431147
5911677
4910733
5149641
7461623
2948989
1251311
8190314
3340171
5549083
2452152
1206136
5511754
4201253
6539036
5885062
2572380
4501704
5953026
2835503
1440198
466055
5488094
4653640
5523638
3556266
9101630
144246
2554022
4233961
7158877
2106145
2453935
2501823
714160
1796133
4761929
1744703
1188579
184800
2170023
7764285
5627193
9863797
3908704
2833848
2125836
4281040
1940304
6613338
1748208
1758620
3162715
1884115
1999442
4380527
3736696
6681411
4257269
3824992
5836737
7222885
7424997
5892152
1261614
9258837
5147716
9965662
5211656
2480760
2724840
3821391
3448483
6125357
2204137
433790
1214514
5238999
1459428
1215973
1893657
8721691
1583158
4249907
4721732
3110162
2217952
1791663
4141874
4268444
3851375
1335997
2127313
662721
2300937
2402417
2716353
4952093
8553484
1414311
4999312
2411836
3116795
3984194
1373302
159908
231482
4271139
3554295
3647981
162304
7960246
1790536
1920287
2156146
1393274
3108144
2240336
5725737
4106159
5858124
2787310
2786333
5690996
1292695
6675907
8969085
5697883
4429993
8844188
5232119
635841
4284684
2604385
3175448
251407
1355131
224736
9394543
282435
5202076
1969332
1661716
4381845
1424639
8753528
7924797
1690703
1762707
1337144
4987382
9142901
4344844
165138
1305795
1876403
9597416
1477927
222895
1107106
4962409
1776141
1959992
5285852
5605483
1767228
8319671
4499333
3110912
4185867
133009
3454774
4584603
5190093
9723010
7882343
2174542
2529228
2595243
9505652
318695
425358
7784211
1186817
388691
7880320
6368008
5737371
3985627
8120612
3467698
149591
4676937
1167126
2340656
388597
4680126
2565885
4694915
5851056
2352224
3514705
1567948
1955501
2465227
4686075
8947487
1194461
1402762
9464206
8707168
1896307
4951025
2464814
1870136
1498604
3723801
9668087
1979383
2848697
689106
4464487
1362525
1288410
1716811
4938679
8757995
1567387
6889069
36879
310788
7526237
4413917
9325254
2517087
1849712
7975907
3989245
6867687
3952851
8545471
2512422
1686037
3548077
3606951
2390296
8109278
3548720
2994525
4454435
2701439
6774284
6346262
5931218
2852263
1159106
1183226
9762076
1690401
1663562
6653273
5835693
8504595
9363660
2476957
3280541
2603503
2121245
7961311
1332190
692847
1454206
1500610
3111952
6764885
127651
1869964
1300592
4310560
1211306
1101641
4386568
3912247
3361886
1316845
9439965
2715428
1515381
6867102
2662909
6650990
631699
1605104
214716
2113101
7161868
536772
1797454
8528042
2434311
2237228
5580891
7973180
3267354
420027
1407052
2683265
5943480
1780096
1106016
4565856
1589930
4782029
3557126
3851965
3743078
7513695
2122485
1369752
585301
5965592
2789260
5845575
8391968
5303128
353598
1859716
1589355
7318360
3284307
3172450
1534559
9683802
1815614
1404707
1533691
1742480
9219464
3686544
2392384
1694374
9538161
1651284
1187039
1951090
1195842
4861343
8381867
5845551
1420372
1484066
3216990
3601671
1787499
1189947
3397429
1894681
3417127
3768822
4333435
7391389
1453047
6890186
1332949
7408119
1417979
8153821
88268
3232427
7609217
2897736
1673544
2759203
4810041
1102366
3470740
3539162
2662651
3961896
215103
6260712
4443973
2194728
66161
5918278
7628057
8641760
1600065
9954714
4505456
1141029
7310381
5960585
3606948
3724337
6269494
1500070
7877800
9943669
1986059
6361949
2330507
3865719
3688844
7473018
1933272
1198733
5269486
9732921
229559
3710887
9333415
6891671
3575277
3309825
3860556
2996749
4750581
150210
8125877
7793323
2591745
6338959
5801818
5873372
3626909
1448038
9552231
1491200
3805330
4729974
3600409
1865497
1560306
2915567
2195367
5739587
5650327
7384274
1370974
8230668
5801587
1163330
1331369
9397832
1771476
1942004
178150
1217168
165124
8331022
1272930
169266
1505998
1187865
1859003
1111892
378168
8519935
1710687
7243920
6948047
1641463
1262388
6976094
5277126
5591428
5894437
1753748
2177473
1314714
9128217
6132036
2989864
8921541
4955278
1779654
1148327
2589726
1946928
2379848
2556689
1630677
2333678
9175901
3743548
3140595
2274509
59818
1982060
5391508
2851605
3115344
135846
4831434
1274551
4613655
5947160
8753795
2565713
2559892
4610441
1917110
1184412
1243558
1835541
2255054
3663480
1577079
497777
8410532
1441299
3231309
7850229
7342960
4768324
2477509
7372010
196957
5580340
2372526
1146059
1813183
9579268
1921659
6105541
1795225
6134448
1942231
5794896
1150983
1865042
1232425
1538075
1325901
119775
3829650
3183563
2515992
166173
9441786
8738067
4837605
2715873
9570230
2753100
9740514
8781793
1958802
6742066
9605737
1412872
169389
8465327
7150995
4347235
4900794
15031
1193508
168787
1790837
7136829
5852607
2988964
1633823
1517558
5146529
9681800
6553881
4607147
1767450
4740657
6516189
7715851
3551836
2305328
557272
1872698
426620
9602030
4847759
1225527
561990
1428649
493222
3348627
1872737
1838731
5684020
1977663
6778133
4496584
8353240
9414815
5539531
4595344
2427181
8651679
2772803
3339472
7116190
3852775
1582432
8856994
5650618
3618628
8126484
1541381
1806982
449567
2719257
4846794
1389210
5688256
12
2788442
386351
7743770
8437593
8471950
2734619
3733007
2982402
1452337
5104711
1526467
4178317
3127065
5626507
6532786
7790623
5227321
1707904
8161081
2569147
2794010
1250983
1950722
3776204
7465258
3991892
1784765
9569110
9975661
3189643
1432887
4730749
1940582
9193954
1920128
123386
1213752
1665414
5203433
18715
9942351
5999208
7666362
3135592
1521752
1373369
3178466
2475491
1227383
2228309
1568797
245249
3745200
5717872
1304723
1869265
3442876
1951079
9901334
1339736
1849325
2695274
4503044
4607995
2296764
2419420
2102887
1413532
9104667
5954237
1468132
5899903
9886810
4178504
515297
9635374
2823669
3464867
3265933
7640027
7412059
1135572
6910960
4974317
3615748
6547729
1402000
1434148
2919848
1415025
3418683
1636122
6836519
1534736
5651459
1653082
4864069
2788318
3479676
8118849
9839273
8859799
1264893
7907399
4431107
194163
8960233
1192286
8626679
5280480
3260391
2784711
5974117
8625085
1935947
8278827
1306611
4387912
8875507
1306174
4497383
1976396
186571
7676699
5781689
8283951
7655251
2407774
280650
1421088
2114731
1565334
3867229
8470582
9195307
1533263
8656411
9378541
5741288
1260620
1381347
422883
815446
6816366
8320156
6303551
6104353
3397854
2619237
2443435
1127953
1278620
1314455
882938
2866644
8878286
1478746
6362344
376320
7753518
3339102
2550492
1830501
1151309
1955483
1935300
8254190
1209823
3994701
1874986
11121
1819228
1406773
3984806
7320086
2498420
8300105
6273320
4322805
3445898
2867773
7355364
7287674
1209148
8475850
1896866
1406212
3924865
1442023
5507810
14954
1823747
3774186
6871742
759911
9297831
3660098
1633151
2513109
8765184
1739264
9164731
4369564
5241361
5396473
1773686
7873074
3303196
1496236
615158
2535485
2591164
147910
6908604
2551937
1421261
1279436
2993016
2619273
4641400
1719277
8101064
231668
3599838
3424255
3775958
216930
6626507
4134195
3615303
5713068
3566407
4133471
164832
1918427
2988268
1144983
9203973
1954411
2233857
1989063
6440206
2571506
2274286
6716717
1155531
3878263
1844956
9847292
2227631
2228941
6591539
5823902
4918657
1564894
1564790
1805105
3824518
2712799
1453521
1199917
3933621
1360952
5575340
3426284
1396563
9546539
198782
5721828
415871
3526760
1861939
1740846
1539939
1678685
6353563
3442915
5407077
1104174
4655397
1672496
3126160
1782026
6825152
2542083
1938198
1460843
7677758
3207072
1922701
2505683
3548568
8519493
5303789
6492312
1448230
7805297
1859619
2473608
1532117
6974780
1524565
6532362
2807822
2183840
3880102
5534061
5583720
5749000
2202262
5126935
2342066
1135117
2107957
1376825
1465200
5131126
1497480
1518236
6731693
198457
1613020
4160700
3154499
9183130
5850666
2538399
1467447
8278652
1563187
4114279
1196315
1743257
316938
3976339
181346
2195407
377885
2311691
1697217
1785249
8362152
1186466
1514199
1370804
2442632
592201
1582325
7362188
1517155
5228343
1927661
1935925
4964354
7764184
866308
3913801
5407437
2271694
1902757
1832480
5488112
4132080
143425
1775665
3613838
1276404
1769027
8255435
4434958
1861407
315223
4363013
7385888
9864887
252483
1694689
3815485
5320137
2433348
3816598
1233708
2177558
1781938
2441937
1290616
1862451
1913523
780340
8960876
23045
2304659
1685987
6758798
1298120
2187946
5283492
6671584
6405677
3990803
156828
2594377
2205139
2332358
4892753
1755896
3450635
2916863
421732
668737
3228174
2625387
4378958
2403477
1124842
5869616
7785636
1802759
8374328
5158120
8949390
6942496
3140328
5713431
2455639
1637638
1370155
4906774
8723874
1989187
12212
5625904
210983
2364692
6735331
1527644
512830
4246629
912449
9388563
5927521
235659
4289206
1474663
2219285
1377943
9992069
2963825
2660326
9882321
1162448
1640416
8315329
2287825
2883192
1596308
3254079
9281222
2956414
1513126
1322571
4378715
9536611
6325956
6133914
1638000
1672173
9300873
6260785
7773933
3980579
1391271
1116269
4671455
9793116
8838747
3992094
6307099
5802200
1690975
6647147
7775969
2288163
2883235
27751
1457826
2171531
232956
1179833
1574525
6408432
1694937
2882707
1341451
8477780
8793026
8976156
5780838
3600457
8549895
388967
137433
7454947
1109776
6347798
1598803
1427496
2836785
7864420
434210
2358185
2798789
4644531
4672389
9131993
1357709
2547923
8525802
9666687
2428167
5209979
4893142
3525131
1857745
2318504
2593542
6374976
5474987
2377188
4704039
1731924
5760960
9808886
2389335
3618034
8929142
163383
2669481
8600947
2983461
1138041
1403771
7275009
314576
1197469
2986371
4724147
1823475
152418
8275227
591506
2350479
3704749
2635163
1995886
9701489
8616497
6332411
1581757
1491342
1297219
4782168
1828131
2524045
6468504
2703238
1426250
298614
3483275
2927520
7749638
1169087
6328783
1752626
2330380
2500510
1525921
1755742
1414109
5604014
1780518
2619662
5421052
3976131
4135901
8611954
2186206
1779680
1608859
4786406
9466851
4928272
5489578
1568678
254269
2320877
1371303
1937684
4877871
7158660
5110634
1866975
5308259
6247069
4263178
8355570
6590309
4890280
4862336
1974148
8327914
4829845
1370563
2823325
1149885
3514357
797400
130688
1992160
2674367
6709748
6578761
1496073
1719692
1575693
5503459
1249419
9525107
6148943
1927471
3193309
1827759
2669260
1406956
6545569
211784
4592955
9650013
1835620
1485895
8522571
2426872
3611032
6866768
7740510
179771
1201564
3697190
1844510
1583633
2257234
174524
6195695
1180893
7442010
1671925
5535681
5798169
3962145
4546081
1606303
396529
1523335
3418500
1413814
2247562
3748566
376353
5624562
5866267
2243915
6399965
6190800
2423936
1563884
4727262
3420165
152395
3233023
1370873
286466
1828363
1223361
1473529
1597868
186700
1655947
1469929
2259731
4119600
7319367
7312109
2286353
8500930
1845800
7337148
8983376
148051
6894926
1299992
2740038
1113288
6405552
6494355
7133596
2397879
4643131
1550480
3903876
5968739
2317426
3627652
1733422
1747131
2394861
5585045
1416376
2820234
3587343
1667172
1419511
1459026
3208170
5769567
391842
4192782
5504415
1947960
5926878
9690769
2761874
7659004
652930
6483080
5252290
2633209
4200181
2379325
1146052
1266628
4770934
2861400
8454694
167131
331141
9638485
715211
9659393
1897066
1654976
827120
3135730
1705191
1100807
8552698
2334457
2200206
7350834
1405075
4788436
5584409
1175559
7532463
2656703
267902
1892286
1985529
4390815
5935539
4539688
3579838
9552635
1959505
1431052
3519743
9749268
2278601
350376
976363
4492579
992345
6812533
1258272
9497462
3865249
1649831
5563766
1349258
9111110
1802845
3456654
7823369
2265278
4546733
6763276
8582194
7711613
2316950
3780097
1489669
649472
2377643
7985808
163521
2498905
8409505
1579035
1225726
1450366
383986
1981373
4654410
3245719
9502425
2383374
3465986
1513812
3519749
5209300
4999190
1519998
6311383
1360938
8543490
7944600
2703254
9924461
9127016
1495672
553333
6395658
2826
1325590
3524267
8364635
1372971
5293025
1859137
5423526
2101787
451791
3739776
6332394
4267763
4173841
1184251
3867793
1272278
151818
1988617
627946
3282686
9727354
2734811
6777192
466137
3747065
514827
591925
1217282
2418319
1994718
1775990
1741104
183080
11237
6338551
1576440
4566903
7904433
4634080
3244236
1481974
2310813
5412418
3417988
190046
9363292
2146843
5303200
5435827
3571316
1479614
5131027
1865243
1176911
1498629
1424646
5643275
2140344
755531
1183980
2344929
2212451
5994545
3979624
5297867
3490858
1459459
2470360
1381170
1345845
1687271
9387583
1598143
378940
8682724
3975506
5336138
7713580
5669888
6350258
9455129
1273575
3461358
5203126
1495394
2754783
1947025
9305406
8464213
3684593
2958470
1806763
3107927
511453
624796
2573025
1456506
1413128
118209
2142580
3840678
6295278
7491743
1106323
2607370
5559742
2737784
1147511
5268874
1144933
5871338
5576668
2267665
6348045
1918501
8768760
1247207
3947975
2543394
6976188
2292406
6761058
3883173
2544923
7913313
5578143
4684202
314613
5413571
29326
1517206
981806
5347630
2467598
1887305
1467309
3488219
246294
4134457
1875515
3525704
1185792
2649932
1466049
1212573
1599080
2413959
365566
3171750
5398427
322221
2335656
4154800
1308300
1669603
1874614
6759431
5589401
9985701
198419
1335145
4622378
1444583
6764143
4129891
9407091
7204683
5884368
1510521
3635594
2261160
328219
4232734
8893539
1319546
4968354
1646416
567482
5957440
7253164
3298861
8220834
8706831
4821785
3534080
2482368
6139445
4681039
2972141
7932643
1963162
1255251
1759141
1503153
5531110
7854563
4720970
9376259
2321161
2416064
3726157
7752839
1927805
1945288
3631738
1925958
3362697
3310156
2984765
1922088
4270135
6947610
4562084
5135055
8573407
3725198
3680032
2227762
4359596
6380895
1548065
9579461
4239386
8226500
174728
8336642
1534766
1646259
6684589
6472895
1541197
6102826
3471987
1465393
6333414
2542095
3624856
3892240
1525790
4958753
2696988
5826072
2433452
9766383
1553093
661145
7757678
4927496
4849067
3139785
7740451
2920903
1379560
1476066
7520245
2111004
6716999
758064
2450813
971933
4208802
3711629
1563169
2789434
2856310
2783102
6344496
1202277
2150037
1349272
13942
460939
143766
5458303
3715275
7467839
1120148
2208137
3555895
4596647
1526721
6909478
2842958
9610293
1551909
1461809
4927957
5234327
1753158
9714573
3429050
2754974
1218451
1492768
4902336
8314124
2434070
7757998
3986071
920026
4520499
1200434
1913380
2194386
1652577
7986251
3182219
1431341
3809361
2612228
874510
2551284
8995919
1641871
2552342
1524763
6366036
9835871
1411796
885791
3792864
1970570
5576180
1815527
1773000
3732138
5146561
3623348
1377856
3835959
2477612
1195484
8982175
2672332
4626804
9445027
371197
2839169
1701412
1378017
6300545
6696294
1404146
2411265
9395109
1399183
1504966
1682860
8383610
2248173
6584909
1221446
844260
288200
9471071
5362384
426558
1532981
3211121
5490371
2352896
1541245
9778464
3418184
1590787
1575468
257161
1250484
2919340
6821589
1152820
5436674
184112
84749
234171
1177304
9634154
464144
1135052
1636535
6613403
3984992
4346626
2777943
5734338
2446
467535
7756002
1641597
1431568
1897903
6236956
1829526
8339566
9709680
4355049
4250520
3689884
3495326
1624657
3176081
1763827
4411430
1201677
9681774
3159530
3827801
864466
1188082
2889699
2693620
118853
2798892
6155503
2684370
125544
7608907
5664620
4623382
1296988
5353070
6996549
3213785
6552396
4760120
241060
1894218
2245271
1350209
1885767
1447579
3264755
370256
3669668
7238448
4463988
354131
2788014
1996532
5819987
6894920
1665753
587798
1416578
5840440
5310445
7832129
2623085
7925384
2522282
3471504
1401512
2206939
6157867
4410793
2464767
278838
6428874
3784584
2670811
3694093
2708435
2531543
2739161
1348401
1119845
135267
325818
2629312
7602697
1824184
3431187
8533968
5198626
2572881
3287585
4957544
1254867
6117040
4441623
1344303
3675153
3240664
4909372
8936026
2886355
3356848
1813312
2333164
3543007
1883343
1408292
1384368
2665993
1917121
4435299
1138238
8987191
221889
1435446
5392966
2409674
8750427
2901609
7262122
1989920
1435771
9148398
1409532
196649
4443651
1273149
65772
795793
6488924
7375957
4762245
2203642
8295895
2828230
995827
41265
2897385
3778683
8812299
1109720
2815581
2755587
9938777
6859117
2957071
1373135
3779024
2259603
2210762
2134347
1812847
5705331
4448023
7745814
1769827
9226336
2546282
4385257
219069
8530613
3878004
3381211
3463080
7944650
1304366
1286171
1916331
2813598
1357533
2600682
2380443
9622381
4538894
1721203
6611488
1286764
1528077
7476995
696092
1567127
2826100
1337400
1246790
4382987
1523591
4163325
1512482
5310999
4640049
864209
4571931
1299094
1556767
2724040
376428
1937322
4747680
9841216
8348417
1752923
3640385
1245839
7882630
9960753
6852073
4343450
3518738
4664861
6714830
9757582
1385160
1735063
2395076
6457456
1803285
4384195
2804084
1597349
6381767
5912378
142989
152942
3563389
6862234
2960492
5621560
1682477
7784996
5506122
2987375
4375440
1677475
3471328
1474805
1169764
6872929
3518500
55701
2979428
4705586
1918032
1647713
988015
4551858
7456227
1586802
497249
1171843
2361053
1136758
7361445
1219655
1256569
1434202
1510126
2531857
2112057
1522623
4839640
1417399
1829759
1664817
4243013
5304721
926235
7816750
5913470
787328
1959326
2858166
1237619
6133363
3587959
1568024
34911
4486512
9774105
1399252
2453266
1461138
1527705
3397913
1924272
399901
2170084
1588704
3353487
2662334
1469491
8453820
1969624
1833704
955999
1363246
6329463
6596492
2961511
1743821
3697879
3839907
1281244
2354300
1931523
1622800
9213141
6419864
6743587
1260582
1550174
5130884
9923569
2966973
6287151
2494979
3300728
2684559
6337759
1518549
1325313
1512643
4277559
1920255
1695825
5823829
4408156
1593464
1686191
2646366
561701
5381962
1838345
5876670
4669096
8675414
1905590
2849793
1192877
113806
8155492
1182929
1885314
5467481
3999279
4282428
7250156
133223
3878501
3788675
1460729
2272273
4794171
5534584
1346700
23316
4860372
2619659
2950491
188165
2400450
7464597
1909503
1793659
6111656
3790906
2817678
2826045
3656219
2541000
1715427
1333745
1944473
4804262
6359317
3335942
2589828
1231024
5311347
4856616
5692024
2874996
5624606
1414810
2946241
3373264
8496670
3154376
629570
2949254
1279876
1847055
6921176
3816368
4225756
282324
697446
1723402
6498633
2768294
479690
1719521
3429579
1627008
1832715
1435773
146016
2832033
6997873
2858289
5368077
3521301
3944410
5498784
974679
177127
5318303
8180723
3705219
748856
165170
5543515
7272139
2663093
9981147
2987125
1700459
6346238
2114337
4424926
4433646
1544181
1475544
992235
3293571
1588943
9546987
4271218
8611582
1610316
178835
1987001
7856310
1287481
5780210
3763911
3287116
2233334
1716742
1115249
1386470
4385564
5126728
654923
386243
1628104
8980344
1387865
1728312
3210839
8392181
1937016
6936719
7157921
3549416
1290963
3676233
1148189
1473457
6329387
8681374
4787151
7232371
1748181
1506443
3903529
2774805
3638740
2557600
3582454
8840666
313541
1248681
2607915
1918662
5504808
2267466
253821
2707453
4352829
2472363
2677798
2527078
2493032
179531
5334592
1742969
4152770
2924265
3333810
6739204
5277945
4937426
1907721
180195
6367029
5143276
1972508
4889103
2472770
9271668
9150247
2165401
2390158
9290581
9853724
4545278
8148392
352345
7699326
224525
1875566
7168943
9926264
2622869
3587595
3460104
274869
5223604
2261028
4751430
7350739
1696200
1852576
4596796
2305733
2427550
1451270
3297813
5543372
3564847
1133172
1819990
4494834
663970
1200611
2261108
9103215
6797283
1954824
2232528
1387763
5875311
9783476
3653655
267366
1210099
6775750
2793153
4924812
1678486
7257786
2681485
150486
7850644
220270
8246888
5361442
237485
2958136
5453545
4458601
3263843
2875304
1713481
1980402
8636799
4281707
293070
7784223
1231686
1983759
3935214
2651717
858380
1995729
4974402
6418739
462722
1273105
5590051
1399411
4847877
2207826
6949162
1765917
5606091
1214393
4207221
2313059
334517
1569543
8680820
5890184
4743775
4644981
5472868
1780018
1904510
23051
6917012
6851767
1290519
8338501
1686519
3708613
1493625
2883566
1240121
4796384
7796129
1551611
1260685
2237591
4239361
6674341
1454274
5399766
1214691
2274237
1769511
170640
5700762
4225263
5830382
1113597
1738943
8907724
3857362
5856794
1204208
1764280
1784896
9299652
1738721
4421699
1817326
2269351
1932870
1812100
6830614
7664283
1581372
5559714
3244448
1616288
1776152
3962551
346219
2446663
1682375
3653506
4724350
632101
2327778
6695453
898408
2159073
5176342
2105280
1247667
1122424
3279728
8661312
1265568
5322705
1486181
9635312
8828776
1428947
2654352
1754597
6399859
6524596
1548504
7700703
2540155
4539283
1934104
2351615
8972641
1142181
9611003
1373289
7241593
1223426
1281199
5295969
3719148
7293447
38447
8825304
18694
1389607
279457
4669635
9932015
447557
6413540
1294912
1465115
2744647
1453830
2958418
8727934
8101803
1961029
2844782
1808949
2903897
1400012
4118897
1776890
4195737
7731800
4293785
3265317
1804745
1843510
3365601
329157
6325870
2284530
327130
2536824
1251527
2784938
4127390
2668316
3348278
8423817
4363207
1658700
1971993
6578207
5467123
8708789
6874725
5791803
1282050
932579
1132254
1717364
9158786
1428432
9735326
3788037
6197247
3448977
9424023
1694879
6320674
6968675
7556878
3744942
1208930
6164392
2470887
6773574
2586698
5966388
1386166
1786213
1855415
15695
1462760
1260420
8905203
289462
141061
6332169
2404938
3283843
1901237
2216418
4583714
1643731
6893062
3814464
2959425
2508575
4871977
2225690
4923243
1718223
1146803
4341152
982449
5791147
6807488
1530853
8814671
3638800
1695072
2410417
1932854
6460953
7114093
2474438
1473974
4494080
9480168
671707
1849678
1624140
2679982
4216470
2628082
2738369
7481714
1294305
2480376
7654109
8165170
1450232
1842263
9248321
7467804
65538
8856039
1895066
55040
1514826
2235973
1884602
4558692
5354049
2546304
3652406
1290529
3913350
1309323
1132660
9806397
1776396
2280022
3881259
2246857
3782694
5570258
1865035
297573
5662098
5956273
7700980
2897037
44596
1907725
1417864
1499349
1572405
257538
2468338
2557901
1606873
4174238
4195634
2116681
2564615
3360747
2350174
1512735
959146
1158540
221487
3847031
3604098
6776092
1963591
4586423
1451279
1306998
1604627
3806950
5901095
3217614
1837047
6706110
1125503
1385128
2176261
1232073
1225758
8928878
2331464
3437173
1241256
5212155
1852235
5529450
7823926
432050
1572992
3429320
1515395
7702785
3198493
6785062
1845399
4284367
3566270
8899717
156075
1833354
5485319
1384651
3458842
181234
3860257
5934900
3844569
6438902
7861
234245
391404
1546889
2565531
3308629
2428913
5561276
1389664
9380090
1123440
1687990
6578314
8332804
418497
8842588
1201741
2757974
5232727
1445838
1286481
2292901
36797
4600917
3745481
1378538
1301055
5845073
3339708
4157002
2562203
3622079
1771515
1103426
1360401
7907935
7225027
326219
1190032
5109254
1439671
2123366
1655822
1995338
4957094
4220123
2685767
8278181
2783826
1746967
2932817
1625999
1814685
1628629
1722870
1409664
1732302
5540629
7376864
4436158
8161627
1283186
8520975
5334652
2287324
4264423
2307865
2103497
8762835
7736854
2451728
2380394
468602
1881634
6793770
518047
1443583
2366598
4282875
1231563
12840
7605020
2988827
2733387
2643897
714153
2650135
935395
5138384
470301
1371573
1856302
3548646
1847705
2777915
8187296
3295677
8263827
3899133
4515902
5609109
7676357
1198507
1487781
190294
3903236
1705722
4543975
2646434
7254871
2513384
4540645
1927379
1471364
5935124
2721426
1553296
2306382
8919250
127856
869743
1960996
1674791
5529730
2700417
948048
4527590
4867198
2314084
9408139
4452519
291209
9180625
3160568
257317
8501681
1485390
9868374
5930946
5970826
5801240
2352566
2138963
2561239
3680953
1630781
2774800
1999863
1544763
17657
1339060
3866956
6949535
7728010
4831697
1575730
2879274
5142408
3752388
5785343
1363064
3283247
1448182
8366485
2202973
1310115
3580502
4788309
9921602
7779863
2223613
6325899
1456890
1941226
1179156
6509087
1526270
8185742
148632
4322223
4522978
5357263
1360317
1868166
6214678
3773977
8681795
1786210
5295431
3160912
2403373
1593229
5907653
1416037
3841456
2687433
1715684
2287431
2975976
4682314
662563
8887883
1167142
8669629
1921482
1965251
4887941
7306024
455099
1886794
4773
6870049
1781447
1863083
2593130
9893064
9573175
3829950
1685920
4101349
5418870
1735579
6581212
2786269
2366941
1636710
1191431
2420849
1944491
6813912
4292162
5350826
1277909
4863999
3321023
7311958
1581318
233571
2980239
4663864
6946184
1567806
285075
1901296
1414814
3173369
2785860
2977629
1261007
3359651
1168939
1512050
4105936
5513715
393054
2933303
1855525
3786339
2913562
4932084
7326875
2264474
3709018
860345
1990316
2977006
7557978
5669587
1754858
5574892
1656716
3503799
3356390
279981
1134726
650419
8779840
1997608
1587820
7596959
2988115
151014
2107472
138244
3528856
2445233
1828473
118871
6376894
5205701
1976063
255720
1127638
5847051
4371905
3618203
7198243
7785054
795905
1500679
4354359
267722
193507
3912449
5896771
1174683
4267031
411296
2249692
1420251
2898623
113712
1557975
124686
1811523
1681419
121778
3382120
1801188
749358
415098
2284604
5677221
3917816
3171795
8712704
8819158
1572567
3796800
2631923
2151362
8127920
2554985
1221805
1768351
1572160
3873996
1599897
2852189
1163749
1487484
740101
219399
7246026
7991121
357461
8134655
7659380
1217005
1106632
5600615
1807953
1569031
6987529
1538600
4552352
4760993
4111500
2166597
1280256
3171635
6473228
9391646
1609881
2410708
2747465
1391694
6527568
135451
6992941
3221513
1827142
1552264
2444914
1924080
1849553
1847616
5418214
9923687
1236209
1593541
242806
694962
4513099
6820753
8759724
1330968
2722454
6728499
5447974
1425525
5376595
3420565
6464397
9259475
2822889
1887522
9548595
1187306
3458343
6439415
1487594
780640
453459
6243657
299895
314017
1473835
1864042
8121235
6125011
2815595
8930874
4689090
9288969
2415111
4653527
4399342
1150213
3432596
5555155
3551537
5764825
7317859
6797065
3505916
4646419
2508387
1845028
1259818
7874830
1183832
3958693
1381279
1738863
1551076
2232731
1511604
3370821
1486142
1470861
8991700
5566161
489128
2572959
1162668
3999651
8540967
1263899
6833100
8267847
2932123
1692153
7443770
2908522
6637007
532918
3546137
1696141
1980125
6548953
6296873
1121991
2389254
4699449
3387438
6100167
1566535
2232986
6582974
133710
3465109
4555396
3837867
6123713
1132789
210291
5815101
4614963
9173827
1112327
4376809
1278584
2465436
3570950
1197351
7768609
7250193
1600882
8647128
1669924
6289057
538307
7801735
5157488
7850977
565264
5667680
2261326
1440836
614628
2526838
521059
1765822
8735258
2421063
1552412
4913282
2850423
4499105
4433370
2647366
6835980
9937530
3733751
1804947
2987241
2338736
3275528
1102194
4128167
1237374
187683
9112879
1649488
3922525
2171757
172020
249213
4719892
8391615
2392175
1598449
7794287
1849042
7142682
49270
1753235
9182471
7498157
1118934
1123176
3352230
5192154
2345564
2720738
582251
8934188
5979940
3309552
9307843
6491638
312744
3745148
1473575
563046
6759286
1362486
2530644
8694074
1480261
5915148
5106734
1476996
2766581
2984393
5579593
2565526
8296390
1326624
1388382
7343668
2518234
1126768
128822
1652820
5863779
3467099
1629473
4412301
3104491
2846595
127644
8617318
1842301
9943454
3307205
6729352
5450602
1122077
6979397
6988498
8737841
4218241
1592512
1306206
2218631
1443777
199787
3947779
8396389
2158733
5509881
6551840
1297758
2384190
2586519
7756624
5601062
5540964
2362603
1114980
1697693
1842117
5261067
4375954
1685213
2844954
1792259
1274489
1707656
784682
1494582
2787866
316049
1291021
8228898
23551
1750942
7474588
1358655
1349641
6377827
421544
4776392
2160644
7690168
1847251
230518
1705548
680775
4689445
1839848
5810059
523326
5715401
493683
71512
1779312
2894692
1156485
8811380
4557546
4392296
835877
7497930
8230443
661177
5578869
1540449
7192600
1352366
4184960
2526151
3360751
4165328
1685260
2120944
1766954
6942794
1241072
3134172
1366193
1929967
3952739
5414653
3652266
1555538
797653
1666200
3694404
3111425
1241631
1455184
181484
3552796
2110163
1805683
4971322
1298134
2224252
1153937
5412815
8100213
4402146
3837603
5400566
1249697
2916900
2102412
5843332
3987053
2267769
2244139
4939567
2195126
1789985
3161503
7746067
8442216
1320587
1306061
4100836
8369893
1762144
3535382
2894047
180882
9819904
2920579
2951419
4876285
2466499
9671238
1995552
5465260
2850886
1537877
5515085
9245582
4746786
7980081
6902177
245218
5552117
3477234
1882728
1484676
4834030
6602895
3847035
5115670
4164284
1191587
2841351
3825548
2890261
5743546
1556805
1905974
1137034
5660378
5891707
39839
3766339
7348839
1899657
6349071
5800541
1598237
1526858
1506160
3224373
2106018
8567563
3154332
8275724
5613884
1347924
7275888
2707156
7743178
1754592
1606989
2361340
1565808
5188500
372153
5544364
1374690
7889926
1437369
1310941
1834216
288162
1189178
3637920
4583561
1690485
9761241
1236087
316048
1274561
1537601
1762373
1624837
3485793
4379617
5110190
2545279
6786527
7197368
2211132
2746121
8892196
2735855
3465010
3572636
2953385
6401952
2523151
2872336
2322341
193226
2168343
5377340
2982631
5554843
1698208
6191226
788864
6472129
2397944
3373508
173009
164107
3784210
8115921
2361570
5243421
2143024
333402
1466495
9937646
7678642
1467604
5994484
1640074
1243822
2325204
1101825
8866410
6901222
3280295
5167644
157739
6868350
6858024
2764737
4684091
3766023
2843340
5451220
3533213
4680858
2231372
1860662
7188552
2432216
5143516
4363593
3165902
1670058
2112765
2233765
5983473
235246
2957681
3905778
2380259
5143024
8146107
5671474
6283296
1505604
1358962
489895
1256254
198852
3406528
424831
4439630
3216788
2499320
1106474
1424139
1385217
1743233
9335093
1444233
5807232
315765
6587472
254056
121463
6715658
1326556
4398465
561639
3488789
1406062
3205169
2890562
5539312
1301049
2614729
2101558
9646340
1304779
1886480
6825460
1961075
579285
1663962
2959206
1988355
1692490
1676179
1702297
39926
1208682
5187470
1744611
1219500
3140764
1373131
4128734
2925795
1977058
7665614
6193185
9820280
1646377
8293791
7427867
2400643
2986902
913851
254634
159076
1825987
3610868
7588060
3891627
4302492
6991198
4315230
3132128
764078
1292751
377786
9390589
6251626
2428859
1295683
4605810
2914329
1402089
8960676
2886967
1782692
1482967
5202664
1830524
4222931
8626818
2974518
3524715
1392935
1482177
3759207
3738658
5784268
2412534
8637928
5663258
1629423
6651317
5918291
1540027
4150095
5806925
6877326
4693700
2690596
345524
5105701
440868
8404639
3717718
7701375
5678607
6638061
1918389
1363733
7742123
1873905
4718096
1215511
8394918
6731728
7362764
4911148
1950112
5684779
1978173
2378982
1831776
6561559
5289965
332763
5226782
4496722
1360830
224720
4795365
487198
1140420
2976621
4194255
8748337
3141257
3605929
7843042
1228296
4401590
2156179
4224150
1126560
1637530
3433655
5911320
120592
1490089
1913073
1429045
4391642
498479
2331694
174956
7976214
4729610
5528871
17142
2874435
5410991
4126758
6975073
2905425
5649574
3325866
8881052
3271828
3394213
541215
6218337
4210202
1792932
2835632
1563408
1521377
1648799
6592883
2682648
1448403
1311737
2405140
1936807
1281275
1234263
3559187
8577713
1802331
4667097
7943709
6552491
2652257
8314965
4324769
8926945
2392067
8506187
1125112
1912507
1584477
1843212
1484999
1369897
2567459
7376983
7752553
2286551
5387798
5389950
4948315
3550033
3820051
1812083
2334655
1448418
1390575
1493349
2300047
127878
6781824
3383714
1939418
1723872
6658516
3472377
3438509
1664226
233006
2236632
9874455
2506859
5992723
2709023
2652479
2149848
4648591
4309151
1295558
7395885
4655121
1877569
1861843
4745945
5905379
1937337
7697570
8866475
1353144
2871788
1342826
9394662
471703
1718640
1819280
1524069
1961099
1988437
136712
1320499
352654
4790117
5568041
1193069
9488785
4859397
1836706
1267469
5490678
4378352
3350211
1976691
2624342
2423611
5103192
5193078
1770676
1147192
1485286
8838841
570318
7671819
1141079
5379803
3568244
6647092
8671157
8737137
1606582
6678085
8837075
1217486
3246945
1915599
1842983
1630900
8287538
2685440
5947103
537298
1205727
9441280
2581501
8214198
78864
1376338
1383046
2296622
2422319
2983300
4272665
6890336
8853648
4891432
4161674
5621090
8732364
6873099
5113469
3173666
1448530
2755770
1426917
4668468
1396416
362023
2305164
1155196
241748
1623277
4587470
7407197
2743187
352463
3481990
4734274
3399508
3790545
5805273
2560591
7470146
2317141
2543324
5465454
6473267
8682775
3228317
2688053
2271814
1144256
3766004
4628901
2191286
1869137
1371141
9481260
5210995
6478446
8454367
3954814
2709270
1118135
2774708
3341686
7432226
5623903
4680760
482341
3162538
1210201
2674475
8500699
3520507
1285503
9258016
3141201
8421823
1842632
1685791
2448563
1368702
29494
6892577
8328453
2677496
1827201
1536126
1190463
3289739
3911337
7870309
1581499
8296881
2545858
7503472
1457127
1155210
3624585
5666524
2157612
5178615
7454895
1377337
9756018
9811201
3513387
1790252
8651536
3717846
660864
2118528
4623999
8511538
7857041
5672549
1812494
6840310
6678614
4299729
8406806
1452507
3299179
1233824
5144851
1702235
158320
2719229
9537339
1312443
8543241
8507897
5953559
1716830
1332738
2933214
573974
4182195
4297843
3849294
2633801
2996053
1324129
543200
3603827
1150184
4328199
6154703
1336025
5887321
1925342
2679882
2421521
2706205
158594
2590299
1562852
5246100
3254286
1387148
4445360
1759641
1162221
1172813
5678956
1386521
7363914
1722218
452795
2997535
422916
157676
1942598
8783180
1597188
5791843
1930227
2546394
1252867
5526695
2428758
364238
8496476
4654901
1402783
1414924
3104580
4414130
7353274
3617626
4624354
2739144
3644456
7347824
2702071
1247161
3688629
8665850
4882818
6943611
723986
3513270
1725718
1924856
9425158
2308623
1697332
3660865
549422
8928728
1161114
4477268
3533953
7355427
1596101
2176756
1394369
6933655
527876
4308813
140737
1771760
9929046
8960626
9662992
3751420
2197965
223047
4119581
2543681
8813857
3462779
3969764
1473285
4800968
2257390
1362645
1862476
4949175
230078
2554337
1709835
6130149
1280869
2261534
7445196
1668603
1286549
5461783
1860296
499226
853110
3570851
1562840
6233371
156168
1161575
8729135
1493353
1201806
4554973
1628555
3371395
1913385
950309
3924849
316491
2921683
1519855
8998565
2815906
5527830
110548
1555362
3201650
1545494
1464731
1529046
2496608
1527012
1353540
7332454
7879640
4433334
3380850
8344401
3484776
3280391
1530348
2769346
4699415
7815795
2850162
1265536
3398564
5417495
1273546
3688445
5981128
4906127
7535921
5445924
6631748
1723491
4411403
4260483
1134985
1312258
964927
148274
8726501
4956281
1368468
114473
3812422
1967868
5285931
2317121
1686346
1655913
2440700
2814361
9653789
1392263
6469731
8929266
3437575
979066
1234286
7459868
6609673
3266821
1946281
2928943
1397995
1341507
3351808
7172642
1401426
2688530
7585254
1801401
6464461
2293364
1826289
115346
7130616
3931557
5802764
425824
1781899
5342061
5483601
3742060
1785303
5651605
7410913
9806277
4638664
1381108
3165916
1496710
1884767
4739001
5159812
3912576
5552362
1225351
1713236
879623
6310211
1832271
3974948
7142932
133612
4718429
1531680
3145187
1518133
179942
5686433
8511757
3115206
2837834
3984040
3653210
2905024
3159056
3147010
3979172
6223410
1597655
152571
2258762
1218305
1700112
7238173
6862749
5534046
4380949
1405482
1734635
4510960
1272985
5113786
1303800
2324558
1425889
2854287
1147369
2497762
2833066
2903405
1784999
4901501
1305996
2397458
1986152
6707706
3858112
3621276
1228445
3668224
1746503
8333557
3332590
1940470
141344
1647087
6370419
2322460
7511880
8218107
257488
9753210
2686206
7564465
1486440
1602277
7233790
2263188
2267861
1497430
2634628
1430614
7670705
3471763
3111183
235190
2510488
1288294
351958
1854000
8434645
3179657
5347019
2417206
1522646
177657
8177634
2797109
118615
3955419
8524732
2461520
8393378
6767371
786906
2828357
2177831
3333386
3528294
5365019
162685
1882042
684018
4971675
1795993
5696059
4525489
3121799
1848050
2890210
3921752
1800344
3177886
2733370
1496592
3698165
4945504
2194393
1615771
8279715
6442012
1699430
4220960
8360354
3547023
1996463
1571803
7651611
1585912
1515658
2991379
3556186
1909605
1196434
197386
2779160
1676696
3682544
2272966
2415225
3884743
2647675
1331224
2234809
3427710
1522395
1429388
6270224
1788996
1255735
979285
531495
9634966
3674879
3254571
3303772
1286507
1976183
2365344
1727202
5680454
1669885
4890195
2646318
4331910
8487967
2848150
2619656
4233483
1987653
2708958
5372024
7443059
1624305
2831898
436000
1362156
4102842
1504166
4785316
4572883
2365365
7605673
1409634
398202
1968762
1475997
2307753
2902270
3689684
1493528
5797385
298203
9885620
8897869
19787
2531022
2912999
1934612
1978193
7971751
3311047
8820587
7216521
1650107
4310909
9275144
1751429
339262
3356917
5635959
1113680
8378116
2727879
1880989
4934608
296084
2687829
9463089
2534237
2389961
3834833
2804265
8340687
2481913
4905231
3284178
2434025
1154350
1796386
1502195
3847035
252485
7916786
3953086
1647314
5333038
288271
4380332
2759594
2475055
6344897
2759035
2473299
1444757
1633494
4620950
3668353
166616
4612787
2528364
1338182
2510787
9427465
219032
119366
1334351
5839776
8390480
3511605
8275928
4307931
1333805
974543
2204676
32920
4823890
6316374
4578387
4112900
5128867
4682235
2379931
2340860
2159098
1126388
7526682
4821461
9410004
3538793
1236126
1383390
889857
1756560
8808938
3805682
5947869
1614866
7202441
2458207
988900
6940491
1776338
4506518
2191394
1101453
2903027
1657913
1247290
7425360
