8505832
1384735
9958661
1401097
1778428
5782484
1846996
7114341
1682645
2651367
8111914
5971045
3611930
4135373
4641847
5438347
1689234
1975704
3317813
5577205
5238859
4538911
1755584
1628708
6781037
1380051
5742905
2904191
3269427
2595726
343481
5909733
1585451
2469877
195769
332613
2748567
8245730
8509686
3111097
2813026
2634195
1302705
1301924
2708738
9757124
1599201
1442017
2442483
6332322
8955424
180160
5584785
1604200
1648104
1321486
8178199
914781
1776651
6471145
1734457
4917782
3630908
5844586
1401593
5674651
1472849
2974042
1905690
8940577
1485669
3167998
2940518
2936445
8644096
195516
2380615
4926384
1905958
444864
3330844
6985479
7938285
4288719
2696504
7363229
3644130
1951763
145476
2607968
270142
2325057
1627984
6660128
128221
3227360
6256564
7661604
191647
4268108
1821858
2649078
8993536
1754034
8647078
2270899
3519077
1112871
1858440
1627750
6892339
9909626
1577339
1924321
6765948
4329250
1529488
1688038
9459601
5532165
450700
4808838
762658
7858818
1258618
7779939
1893878
8722122
2696417
4920707
1493938
5951978
5570381
1831991
1245645
3986272
4513122
5871811
7750363
1256487
423554
2498731
887204
3873185
3452179
1222931
1239033
4752409
9467289
4575638
3271528
3252398
1937495
3578145
2489916
1802294
187845
3820771
874296
184936
1432806
1956599
1849375
2172656
9960815
8176258
4569983
2621237
1776653
1344953
1198641
8180440
6170074
1970872
419797
9398432
3804001
2306384
147400
6929302
6318120
3983478
7468278
4672429
2991382
1645967
2638500
6937843
6900775
6418732
8749096
4607308
1935230
4726776
8802344
9576370
1529142
4207986
9272776
1266705
1280841
2664413
1926805
2620839
1579960
7397715
3598278
1796045
9149752
4309313
1303921
3158060
9368320
7906084
8680349
9790800
2218429
2908428
2333826
1157608
1791612
4396504
9360640
1976429
8330076
1401527
1147264
139714
1472319
1463711
4606077
3412276
2655902
1388819
197721
4772021
9590810
913555
3885762
4841477
8717252
2427900
5156522
5262551
2704159
4534006
3320234
4380520
1733610
3634014
1328022
2525908
8637210
1610445
4701350
180868
863126
1175338
8942694
3644933
7540353
3637249
1516830
7483167
1110270
6220409
3277848
1368720
3567235
1666
1240243
1786665
1590967
2431153
5218288
8387170
549827
6174935
8329548
2369505
7420200
1354507
724803
2843810
6552491
5373802
1309373
4572025
2136196
2815587
7843464
1426187
7683293
1404078
2131157
2112911
2190252
6244940
1230076
1812045
45139
2744628
8466636
9111199
7371476
6247566
1762576
3126584
3716752
3335540
4920989
4917706
7717883
1903756
3193518
4400094
6562217
4449043
3119582
5237284
1378935
4893112
6456501
1735168
1924003
852262
1399065
8836142
3450496
8879259
2742657
3387133
7808121
3364060
1307047
7195077
8175231
6409570
2676973
1143962
1329812
122866
3539467
1703977
2360757
6221712
1584419
3815477
2996797
1429808
114036
2902797
1303686
2192134
8197146
7715526
4777571
6321576
462110
4538366
1271959
1610211
7870039
295683
1445437
6278670
2414039
1847051
2258923
3435073
6853257
1508798
3296475
2265694
1960905
1836611
5363643
2487200
1584185
3119263
224514
1552336
1705372
7986374
686988
3319217
6169119
4371390
6602844
3871083
1551561
1484809
3811752
1253331
3414552
3169857
2398303
3391914
145005
1142480
1344559
6455426
2908822
1141198
1684558
2785430
1413831
1498538
418380
1526361
1148736
263206
3257474
1415057
2480548
3478046
3803866
5834910
260270
4208584
1318850
6933850
3546195
490607
1213246
1942852
1950855
2442111
813346
147684
1775766
2994475
1968391
4267467
1670737
6111042
4758985
4528180
9448376
2962182
8994683
2199344
2494778
7816691
980893
3978724
3325640
6466022
1888806
1768849
1844672
5218755
2806082
2256589
6667667
5518900
1517328
6892884
2713722
7101580
3143280
2877710
1642334
1265638
1498772
3403081
8464712
4308392
177580
1397499
8129791
9706798
2478260
2371156
4410324
1968560
5268520
1751130
1192959
5185142
8875130
3273716
3418876
576900
7940967
1487707
9916741
2845364
1421561
4499716
998683
8440865
8599490
9158568
1172900
4678728
2840300
1413638
1160967
9388070
1571089
329488
7171029
6269144
3404910
3171234
3968393
9281253
2622261
5833440
3387597
3950909
5259560
5216061
5205229
2235053
4237598
2939247
2970434
6150967
1426139
6617524
1911244
1889230
5102168
7985262
9314837
2208034
242339
1429187
5697916
5124484
1461502
2557976
1814735
1264624
2578408
1560963
1486226
5903986
4692058
2370305
1543148
164210
1448644
2934527
1722284
4759527
2468575
2323105
6708285
6722796
9797502
3488674
8968659
238728
1659388
5196716
3528359
5906735
7359930
2297248
1973947
59151
4248171
380743
2713943
75855
1811063
2929466
351203
3315810
8764418
2594886
1808416
5325963
9271471
6928681
3386910
1953570
1718562
2113275
352522
4347194
6199676
1789421
5830103
5213881
1562085
2342885
183325
1992172
1690095
4207155
3478149
6829835
3936261
8237879
4213896
8659045
3878856
1489754
1365716
2722508
1409386
9820917
2172198
1516762
7877112
4109431
2375798
4793394
3923330
1117291
1950900
2839222
6328714
2499940
4876847
1758628
2983806
2469187
8881359
3193733
6941026
4655923
9429158
3696698
2652992
1483924
5496923
2511923
5870796
5314299
6362188
2131349
3509050
2849334
2898126
2618224
8236291
2421032
6699235
2453862
1101759
530292
4497126
1847748
4229682
2979759
9173077
2146740
2640400
2931390
1383204
2694254
2382257
6601667
7213247
3165439
1904622
2926061
4632417
8801739
1816591
7850520
614769
3637608
1185958
1271340
9375923
3518030
4666263
1271228
8677639
6557837
2762598
4263767
1726890
5354319
7384425
1939327
1813057
5996862
3339856
270324
833698
1726681
681324
5972263
8301442
2463884
294832
1678151
8540725
6168417
5184531
4166194
2963248
1835080
1431983
8983022
3498256
6931394
1101575
1947641
1154671
4516248
4798385
1311119
1881375
2554437
9728991
1511075
9514652
8710156
4273081
2709964
1900391
6815725
1482417
6568479
6858152
4249579
9312506
1508345
6821875
1352994
8715523
1493495
1899752
3657661
219989
5727783
1699836
794657
8691484
1491904
2652874
5855549
5819107
1132279
7656558
1649693
6153462
4437208
1474277
4916865
1478881
7662700
1679860
7780674
3909316
4409578
7107784
1998783
7568952
9268570
2485161
5885525
1634534
5805622
4827968
2417158
5787559
6477317
3469926
1262850
1146682
9100359
9219696
1872309
7996008
8313809
5621371
2820776
5558713
1626956
1168983
4891196
3659017
2971437
3929632
5238723
1301617
1318825
1994619
4596485
1762968
4413460
1309347
1914272
5478353
7667293
8570504
2995735
6618034
4870214
3419081
2244544
1783497
2868339
1439868
243239
3101283
1784763
2204795
2505274
1435387
6608802
3732771
313339
3688556
6186461
6684505
1150933
3476759
5398281
3342129
1630893
1224859
1818417
5197882
6671614
1388772
5148136
542864
2706895
4751503
1217935
4490641
9965168
179067
2665510
7848629
3984167
2296034
2135810
2301737
1838281
1860554
4969811
5589304
1110462
4336628
6196553
316880
3550951
4561209
2662404
9348781
1782668
2164423
3284324
1766198
250173
9837252
2149225
7428436
4157604
3133808
2363687
3869904
1600781
1554552
3996544
8838679
2323096
2393002
1905713
5109597
2583548
1825245
9317365
6456678
6136920
7460845
8170199
8538789
43309
3101008
2271305
1351358
2578028
6412869
9986317
1192033
579901
5905810
1903667
9331459
1295
1303298
2141712
3821878
4314788
1368394
4795760
1749823
7547697
8712391
1562807
8284885
4901572
7250160
1989451
2205665
1141535
1957721
1689192
1713050
9770847
1914138
7120609
1316878
1314907
872587
168765
2436135
1764719
1373502
5794539
1250032
121822
8574119
1326847
2722843
2865853
4436093
3868487
1701812
130911
5158512
3573438
2670239
44112
1732720
314904
8928160
2892828
3876041
2506490
9822793
2222514
7773488
9838298
6412118
1731186
3194896
2235958
6532243
321914
235641
1251669
6562581
4738135
675529
1961144
173115
4340042
1648410
277513
1574623
4494968
1562592
5498713
28709
2971925
1181373
1723603
8668787
3336367
7619252
2959898
2381202
3522023
5254239
2546087
8127673
3300887
9327846
2501092
2663167
3835372
7260540
3874636
6505296
3398885
1706671
5906139
8715953
442484
1860951
2713726
9886482
6310974
9201993
4785824
6569569
3466967
8570071
3935088
3208530
7663996
1321628
2393471
1385422
1474790
5183702
1424230
7934920
1913019
2194121
2720675
2578276
4649937
7202112
1394120
2829410
1922645
1881081
2174885
1143892
1495394
8586449
6294653
1810991
4377085
297768
2226882
7678999
4459045
5318668
2783397
1527834
4911391
3215854
2602139
1218528
3307049
3523081
124522
2290540
6589345
1330961
1297651
7345951
2125547
2505221
255867
2660392
2129184
5645988
2807509
1283369
4870674
5952490
9919293
3451681
6383673
8472345
5120814
5694571
2384340
2442534
8219514
6708660
1722822
1146788
3672754
1725445
2786572
4494389
2388392
6719873
7802221
7471778
1404439
2843552
1580000
292627
1494622
8618945
9364773
7672560
498306
7802287
1208722
2560516
4371057
2582072
1274916
2110856
69948
2814515
5310380
1909535
4857563
6299654
7538811
2374780
560795
2505112
2539734
239934
2657265
2799255
4490702
3280238
3613088
5977080
1590394
2681644
9128504
5913329
6696325
273094
2581326
5920675
373253
2954017
2793643
7640245
1656496
537920
1362359
3699447
8937775
8629062
3378590
4309766
5848916
1582965
3655911
1252928
7462854
8962054
1134906
6821297
4654952
7288486
1787538
1516532
3805988
466157
1327736
7173665
112663
2581723
6750448
3344668
5273353
520318
834085
7357503
1281341
4179238
4515675
5252417
8237792
1715655
275688
5927937
1222638
3864334
6108709
1897090
1472505
3487271
61598
7206609
1950175
1295753
759499
1452221
2652663
2192267
7114415
9911703
1637850
4687065
4249127
1357127
8957721
8708039
2358837
2692514
8642952
2601598
192994
8666327
5680866
1141781
4307192
4447006
1341973
1514114
5344431
6821435
1571736
9888755
8986790
176302
2127951
6397416
2790743
2979626
2797910
1549284
5608910
2192147
2640061
1653762
232138
3326972
7339823
6125618
1985030
1815298
17215
1749213
4221295
1761993
3631410
2168113
3322313
5665269
1346704
1631647
2163976
3647528
1163959
6838947
9895137
1948623
5404705
1450069
618576
8586692
8332400
7482130
2527272
5359498
2886810
1727602
180287
3212545
4711109
4588396
1578087
3436356
2637871
2364146
8677766
3142043
9347867
587615
2339081
191889
2570088
7956557
352980
1357118
1950000
7868339
4202588
9994247
6671380
1899208
2845182
8711677
4102766
237345
1590526
7656991
86553
8946943
3137081
1598247
3263585
5311336
3745576
8698198
3426951
4397429
2717005
8890519
1357198
1833268
4461356
8932154
4603223
1233654
1445267
4618519
2849377
1904693
858490
6936992
770435
9127143
263277
3442080
9509452
5708707
5170316
4987904
1565091
5721032
1767495
3371976
6140889
3370226
9915609
4811953
1599359
9619842
2228906
4419289
375738
1552140
1681995
3238081
2582671
4751400
4330949
4246405
8968114
1247059
2330619
1263743
2911267
5128445
9477231
2155093
2850717
1378952
3774281
7803147
5669438
9638685
1867674
4574516
3109982
1826870
2491672
2756724
2370953
7343149
4795130
5824550
2271061
1744370
9934330
3347865
4632734
3718220
5513836
1486318
2199296
1536617
8602556
8301008
1261181
2511676
3211222
6752570
1154745
8406572
1425588
1632528
1381062
1752818
7505855
7413537
3519706
1237776
6604338
1306038
577452
1690766
2251100
8475762
1391763
7498642
1675652
1666406
367245
4991650
4754439
8911264
1577236
3738005
2327848
2607753
2416574
4983039
5217954
4655085
1322808
1897264
592715
2912450
4390310
1311621
5818294
1149329
1791843
5518640
2118167
5625380
6842328
5796020
8533981
1870169
4500507
790267
7593583
5813390
1842230
3868232
8362042
8117334
517750
3352695
1594931
1644188
1161040
1295086
1764076
8528803
1526217
7780880
7151922
7644360
6773631
3918796
277715
2973826
2503171
1497158
3204399
3239297
4261878
848920
7806078
6813487
9681827
1580984
2644880
3635326
3241601
1680787
1121934
2408874
2997602
522416
1842513
4636315
2790383
4977571
1389375
1420177
3135859
6984916
1596102
2608753
471104
3454804
2653962
8194095
4127291
3807253
6832948
1533611
1140356
5790926
6464122
58389
1815164
5705908
1275526
3867129
1926373
9782887
1806743
1751140
8749039
3690680
1944676
1550224
1985256
299443
6522591
2832531
1234125
1115389
2888983
4143324
1904320
134004
8253428
17858
6749243
6605308
4506972
1159846
6341538
7785798
2454792
1807982
2461121
5147993
5391491
9635091
762113
8925096
2890795
1231878
4889935
239329
1213253
2476266
6572393
7420112
1554166
1734908
8247970
1403152
8724053
6252717
759247
2757960
262776
298057
5176427
5207943
1238747
6967515
1193680
1949197
2908106
6353574
4854349
1609107
1158771
9486161
4173907
1711334
1261575
3463189
9189803
3100542
4617128
1850116
6624848
6100963
1124911
3127757
8117779
2284371
549263
6467717
1608479
2833910
3897589
192897
177138
3181979
5143064
5745409
2717153
4631935
4332286
5174449
1686577
1557348
2351839
1914347
46337
3305455
3465231
2521082
5519802
4220063
4250768
5971746
1376516
5587542
7185681
7146430
6275814
2508012
4685853
1627144
790552
1119310
6740437
1572403
3654380
2301935
9526113
6722866
1551322
1917651
1184605
2517529
7943313
1726367
7505382
5553558
1375771
6448976
1143096
2674255
9876759
1866544
9520919
1857285
8201120
3550737
1424037
1751714
3478578
7949992
3874675
2675811
8173338
3554508
3724505
3771493
7804802
2203786
1932203
4923421
7399003
2322755
4503787
1777635
1544333
1645868
4692217
3723466
2440918
2694550
1864365
1356560
279886
1114555
2274971
2918250
1389128
3779693
9298104
1288977
240985
1482431
3806058
4148183
1728447
7791942
511889
4840357
1779534
1291700
1536620
7648271
169777
2766128
3305055
8470381
9943415
4124994
7489878
361389
1849628
3813967
8245411
7179479
3774705
3367944
1259972
176163
588230
6920568
1103355
1848057
2636465
3781767
1837563
2958575
2314143
2247097
2297344
4383874
8585756
3955816
255799
1742395
1487338
1365773
7362263
865796
9348102
2368531
9649731
6422669
1799840
3814999
1422851
1886995
829768
3902754
3796396
3956824
4261877
2787793
667242
779787
1603911
3455950
3139282
1877243
2301596
7848101
2581869
3544588
5946360
2674748
3603405
1435800
980997
1982920
4744326
6537943
1920041
774200
1250652
1479364
2478832
670241
7519255
3255590
7434769
169876
1836790
1371035
335337
1480103
1248990
6253259
4791769
1729656
5834109
1796103
8887705
8453789
2173663
4150841
227514
1616623
121008
6213278
1889752
8976240
1590337
5680723
4106260
7208652
3365123
4595177
1350014
1734955
2371906
4972239
3543192
1817355
1612176
3727619
8782154
7754135
4429418
233628
3764443
5423932
2149908
9596786
2949296
2582659
4907620
1589837
1989638
2143599
6835905
2318364
3837569
1709682
6535056
3224114
7893933
4703065
1355566
288046
6275922
7395243
1667404
6424006
1760583
5152112
3844445
8466915
7514704
1696461
1705609
8791287
3333822
1955220
1785483
4299541
1756464
2130983
7723342
3882759
1408030
8478778
1789314
8487756
3481040
615187
2826400
2989859
5264460
4849763
2829389
8615757
1903485
4967068
2627698
1840885
187215
3321725
1566474
6255539
188601
8546078
4300096
3202068
2429807
794874
1858134
2314545
6761968
6208752
1359491
2919658
7359449
2948619
5644885
1839067
3630810
2518990
4794297
4788163
684194
7860170
447379
1711254
3389823
1285372
6880014
4792188
1450126
1986465
8510052
8810656
2209209
5434640
1411840
1621122
3147546
6909461
6204108
199972
9937766
3766572
1463966
4558036
2281088
1326400
5615656
2956369
1305075
161974
1595711
9452509
4138890
7864044
8409208
1583928
1763050
2770961
7690114
1397653
351560
1575812
5476240
8674923
5704793
1574534
2693656
1333858
2502806
3822827
4436734
2649805
2534388
330332
9271668
5775686
7829702
3985171
3600598
236030
4761280
1421417
1132967
4518272
3928454
549615
4612341
169279
2594314
1402909
3483348
1639354
1399734
2204255
1347272
2490722
2191452
5198639
4256261
4667687
2224935
1194253
3824103
5816871
4125495
4424920
1795251
1979493
1606665
7825428
3767247
2466455
421676
2544454
2226970
4223679
3656828
8203974
134896
7943392
3124837
798615
184761
1420998
1983822
6488163
2339263
8462847
2577772
3571415
2691269
1577505
1667861
2965362
5570264
2945228
8476261
4998345
3802680
5948655
959532
3983229
2160760
2816526
3363430
3112478
4655025
4795472
5712108
1840244
5481825
2681018
3400643
118607
1301279
1493553
1311875
713511
3640839
2885795
7111742
4169620
6811926
6226982
6940462
28390
3863064
2243824
2914817
1797458
1830207
8774911
2196391
1283883
1814364
3397522
9316366
7986583
1461107
5399033
2225022
1900196
3904632
8212104
4740054
6678335
188116
2166122
7817875
2852235
6190458
1525703
6445268
2911388
3706798
2440065
310934
7245434
1106407
786973
1552941
1557269
3560697
1615258
2416214
682089
2128723
1720461
2249696
1854507
5542792
1115125
7373309
5874499
6884264
2353883
6374275
7369690
1599841
3147937
1111883
9149854
4413656
1893847
2548916
1116090
8235811
2826536
2920503
9173531
1161703
7805114
8239389
2206734
3963794
2916839
1950072
1697035
1171159
1996842
8504415
7777103
1645375
1159188
2546196
2428377
7345241
1707827
2835091
1839984
9249008
1557792
8953444
58794
9236246
6232412
684797
1245079
1338082
3667257
1597874
3642824
5780304
18890
6920817
1453302
1331845
7997627
1553171
964276
6784368
9643932
1509797
2183887
255044
372856
176368
3352936
7716068
8734283
9614070
3618650
7789056
1849337
6194874
255974
1584446
179854
8725873
1534901
4779725
213725
9266077
1132162
1949043
1324573
363825
5244124
9876905
1832947
9563934
7717990
5600755
6553785
2715451
6957618
5467039
3668482
1228215
2435926
2587247
785322
7168381
558297
2680380
1577235
8467437
1798973
5510615
4946648
1933707
1191115
4906479
7521189
1434527
1254228
5293121
3434468
1690669
7630298
2285128
7443673
4592876
2320469
7357901
2604534
8265643
4402266
592624
4401893
3612675
5981958
5898481
1951764
196836
1404975
4555129
2218317
8103637
6574102
1314942
1944775
145893
1148255
4480682
4196981
9943252
1934954
9957272
1917762
5954849
5349389
4458540
113595
3502318
1254206
9758936
6450652
1497351
3364747
1374761
1153454
2358791
1928029
8213644
2464028
1407941
1291824
1896374
1540628
1719272
1691180
5190489
1729066
4491578
5449553
2265785
7550219
1492973
2995076
864364
4705058
4784400
8715569
2759709
3434754
351205
4524248
8712591
1234575
4949404
2977622
2801249
2526581
9325471
4293589
1537469
2922148
1380457
7494173
9413793
5834449
3459691
127879
1337921
5387000
1638221
1832986
2476103
1819111
3124217
2382631
6473472
961728
6508619
3318374
3750524
1557370
8488477
2837142
8454522
7160308
1927359
4928050
3881554
1631889
5584980
9556310
5933939
2695135
565828
1541142
5828872
379280
4703097
3546208
2658892
6399077
6149381
1114160
4726373
9667194
1349518
7949927
7791679
6399768
4764418
3276198
7330081
3253758
1368486
5624346
5741778
3937531
330923
6924374
1901833
3702432
2304336
3265603
1360087
1857416
2702818
4223337
5478105
2142697
460920
2335364
1210489
9978423
2195971
5325292
2700655
68503
2351978
3461360
1665500
1421404
1203929
1673719
1175859
1302764
1652050
6529227
1836164
3677480
6358777
1518733
6354666
2206059
1963746
5173153
134699
9613176
2384411
2406622
3203879
2991244
9387311
9614014
5370948
3778684
2768570
1361405
9282318
5759938
1435510
4437640
4311772
4433150
24152
6739790
1915969
6303230
141596
2705654
1141401
5823660
3602660
5325333
162539
3960923
6208021
1649777
5567173
6773938
7894788
8232264
2647740
2612130
9353754
2180186
897627
6100687
774452
9885775
1583129
1512290
7376703
1581923
8653779
2739371
2347956
3935686
1175567
7875587
6238030
9391698
4869801
4543817
6327612
4204623
3833452
2265466
1305089
1846507
4598807
1772713
1540863
2139612
335476
9877634
9879841
6770575
4797791
1161115
3877546
3351293
1603609
9903776
1143959
9919097
3190752
6450751
1844344
5798294
7764904
1518597
4411324
3543825
6752453
1858816
323657
1418154
2240251
2321955
125531
3746891
3173351
3618843
6321510
1912018
5981266
6463834
2554898
4655469
2991180
9788497
8876890
9443550
146478
1361415
4214055
3908409
2595581
3802446
3962455
3576548
2842419
2457075
267543
1605281
2863480
1145082
1284626
1258844
5713331
4712652
1475826
1644259
2589510
576734
4313296
5418354
1664635
2163872
325391
1819854
4703087
1953922
3474871
8838886
2878873
2983374
2405158
1667303
278081
3403146
2352524
3121557
1890337
273971
4912014
1810432
312873
1104520
2274037
3723045
247769
5229203
5856550
1924990
5277041
290432
4238773
1368297
5388055
6554308
5484810
6818100
7780619
1100427
594295
2309836
2902347
4983633
416261
1929182
3656398
7103066
45849
2556234
1418899
1807451
6958057
8742247
7820175
2980950
3649064
3213376
5269279
7105046
190831
1592849
3948662
4211946
2779054
1290696
2449500
1587397
2126664
1559330
2496346
2273668
2479194
6469914
1321611
1943514
2718173
2447726
150825
33771
8757620
1706043
5839456
2851369
7524854
6935058
2649797
2750917
5370877
5614424
1160319
5144578
3291472
3426494
1738741
9107963
5613142
4908213
1280614
2749133
3337124
1199353
4801811
3904510
1570402
2393825
1799513
4799666
4474846
1923504
7605296
3273040
8859247
4446119
1535926
1780593
2382078
5804535
5784666
1108138
1897968
1647773
4609787
6859625
7136013
1610069
1869799
2572016
1699996
2900165
2971191
8733301
2321306
5881957
3163605
3467537
8304025
1408220
9758811
575069
2383444
2516539
7936021
9447010
1216057
9476714
1614555
1140584
4596058
7917315
3947554
1342280
7537412
5413179
9918954
7172790
1428241
5594237
7846466
2795705
1688897
6529379
1522336
1655720
545210
6842945
2365294
1381989
1479639
7102099
16502
3133578
1533329
4278548
6323386
1540492
1610784
1688620
1235960
7227978
3213371
9110818
9920205
4939257
1826451
2940845
9787428
1787701
2443208
1469589
1533685
150093
8951709
5365276
2777203
1269384
7719994
6283878
2528080
566819
5329851
716922
9492905
3761874
1200126
472415
1264538
1423100
2764138
1910555
1248633
359125
858842
5828161
3187076
5435538
9877372
1864208
2818994
6469775
1411317
182827
5828900
1933541
3314613
1590222
6991259
5199037
2305214
1830282
2332251
1522782
3999339
4135181
5332526
3432045
5245682
2543115
3675922
2998313
6818800
8935492
1509698
3721608
1641207
4360451
8481951
2559056
5877089
1487771
4406578
2352168
183619
6829402
4280111
621714
5510910
2493048
4926743
7562633
4414629
2773969
1588291
2517979
1597798
3245517
152251
1909968
1563813
1918338
3995746
271621
4163649
7188588
1622061
5801181
4834822
6538408
5222834
7237829
1500142
4949028
3783805
4570717
2502534
6413377
4657028
5103156
5726815
1786086
1603469
7322977
4932949
1201086
7119950
7786489
6935877
1446002
5364365
2503980
1146833
5631165
2544571
4680305
8229915
3169054
1952319
1338006
1291243
2578841
1697213
2153016
574471
7862939
9610956
290385
849706
1395644
169422
3542644
4868502
1109315
3932339
13334
3844245
3404652
6633825
1320405
2791788
281959
3666090
1613109
3331159
1784740
4846706
3402187
3784153
4207422
3505765
1576757
1689924
5955595
5671240
5598289
2401347
4724832
629005
8471476
4819391
1207782
3958839
4133452
8193739
3450526
2832083
1529013
3692841
4927493
3153000
6254220
1765080
238996
1906786
1546266
1767034
5213259
2241231
5441515
2116507
1764196
927095
6406357
39901
6949559
1674911
1766064
5218405
3917468
559428
8321606
7188253
7863556
9967404
1616303
5457249
219753
7526433
2417125
6711892
3771208
1280480
1346545
4389865
1830680
7179105
8667835
2660495
7421550
296887
3617580
111385
5326327
2165507
1237976
1954529
1299739
4996437
3618977
2737211
1812387
6140459
2586383
3976212
5451914
8343320
231865
5231362
2226947
2644622
8898140
1338959
1782370
1258857
6457487
7377600
1234118
1476897
3442065
1834384
3662540
4169302
1469498
1820816
5920201
3469520
1781356
1195267
1893749
189742
5842288
3449972
2668589
3378282
1689069
8446989
2713811
4498604
1830719
6528637
7889666
2205832
1218484
1876615
1349576
1916225
1242341
2432169
1210459
1416525
5609
5800336
7109083
4649473
1282195
3565422
1585492
7476056
3691302
2946880
6785592
1925238
7672871
4621321
7481506
4932951
524960
3507536
1289037
110349
5611405
244311
1141909
439244
2666277
3755244
2174677
2503038
6531290
2591961
188346
1934843
5960966
5368757
52292
1414738
5389739
6165165
3146785
1348425
5607940
2689814
1647059
3456733
2846117
1550595
2975883
5709129
6891226
1170980
9479972
8598987
2880541
4369172
1260071
2525285
1401225
1759359
7552155
6183436
1963658
5882949
4225973
5570347
2863481
1591313
2722214
5225249
5836536
4844607
210214
1690008
1939928
1784377
19988
1869254
2738780
6477721
272561
215345
2615423
7366764
1203512
1193588
8820261
3648672
1558061
2802718
2160590
7959097
1317995
7425479
4525165
1504623
1574387
8845285
2715840
4291578
5422741
3638544
3867774
836905
9366028
2518935
3830109
1141506
1698154
2639742
2872161
6258520
1230963
9726522
3203342
369176
8935954
312784
2967478
2691168
4179797
2339505
7725564
2520053
1973346
1939714
193364
8422704
4705881
158664
972382
4702086
4140273
2819293
1839027
3509822
6310021
6156776
5985776
5684167
3461741
968820
2570984
9184014
7877334
397449
2905883
320435
474381
2142353
1592493
1525350
1921137
1301864
1104635
3220405
4758765
1674682
3898623
1345888
2847764
272828
2636883
3778960
2274818
1438871
3317231
1679185
5745033
6771031
1906669
7901540
1802240
2535082
3172493
7240733
7450379
7458735
1475210
9463443
5781277
5427336
1606407
1860764
150508
1923885
4240007
3720313
2694974
194634
8639851
2573089
1923628
2255102
5507208
6481883
1209959
6721020
1137072
2470827
186879
1165378
7447141
1250899
8773677
7840175
3616386
8899412
1920721
2344915
338288
1288482
6461920
4458235
4330983
2293042
1967192
5485822
4779886
2445561
398514
361124
1634409
1506230
1474431
3909596
4917280
1180526
4535539
2798439
2967289
213166
1167112
2632480
626048
1495687
1883286
3984350
1408165
1573845
2993778
5960501
1259046
2700494
3537349
3216405
6273585
8830308
26104
248945
148853
1671781
3425418
6924961
7649327
560913
2808627
2545120
3926473
8455846
1315170
4111487
1992500
1863967
5425699
4698829
1540665
1577867
125959
2235906
3265634
6235373
2179963
2594012
1910002
6358762
1909322
9874941
4100545
3312251
9805008
3948589
3700632
2747216
1436778
5362487
4383031
1965639
36855
6102711
4338739
217778
1675473
9293632
3769013
7832851
1196221
3385929
1475972
1400565
1438381
6989968
1291720
2356288
5295292
2532459
4590304
3175244
3396883
3733752
4745112
7606341
1168613
8885973
1714139
2942794
4410111
6943113
812179
5781576
1667327
14377
2833923
2429536
8132605
1701835
132487
2171335
7579313
1478215
2464600
1108782
2715299
2768893
1523083
2492893
2644359
1167907
1940151
7123305
2824443
8559102
7410295
174035
7436887
8963444
1956721
1341227
3647403
1916348
5310270
4606934
2406483
4156654
1775889
8928613
2577661
2982732
2657741
3939270
2324995
386552
4295083
7624921
2388585
3192531
4342866
2150196
7332060
8978498
1326496
4546369
7565810
3692119
5731073
1642830
4415547
3306906
1277536
3564769
146815
8274632
1629410
250219
8451621
175460
2299542
172332
5467034
9767939
1286558
1341716
4603148
1562533
5119012
4748563
2192365
4994894
575152
1181891
5627357
3268064
2582125
3476155
1660154
1321316
2467761
3625201
1391957
1813604
6237551
2699582
311717
1144402
7726660
6562815
1921045
439789
1726899
6330509
6527285
1293325
1269841
8424709
3214489
9407002
5363603
1663985
1982266
2472581
9209429
2568260
8873211
4230125
1910471
2311703
3731270
4387730
9312415
6204800
1868108
751495
3969308
3678598
1885853
8942353
5847139
477358
1897325
1749824
2229816
6335989
460589
450546
7110973
1186154
3202932
1926741
3509267
7687805
2122988
2148809
5489544
1203976
1460419
1421110
3733861
233519
8646907
2689694
2884062
2433080
3720747
16319
6437053
2390481
1674367
294176
2263317
3583102
160242
6675513
4773599
2211686
6467137
3304259
111229
2511897
2706708
2520708
8641346
3421561
8801483
5919384
5949111
1515542
3409521
7494304
9151496
2515869
1857121
2821719
525401
2249475
1312278
1207659
147471
2419935
1228660
4176169
3604862
1508848
1383010
2200081
8826488
6927672
7388535
6794895
6893710
1756940
3719605
2451235
8777258
1111762
5228168
5237015
1783624
3969825
171977
3590104
3363113
7831372
1575275
1335827
9734627
12620
7448397
2609236
5184041
9412741
1470648
9902363
2783798
1437561
4868997
2171771
535207
3207613
2410863
2495265
5803968
5916561
5513871
1680548
1951400
1448346
8559526
4519263
9417686
175668
3825429
9500697
1204174
1759805
2330506
1510609
3557500
3126815
2726646
163070
249727
2153755
3967328
310612
548425
2202724
4416610
3904520
4893040
1374262
8531047
2271144
7670554
1360078
1591746
121864
114098
2823189
181928
6625386
6412211
6930060
8851176
9871078
1504110
2317858
1905961
7589401
7699572
1925140
2291122
1916601
2442181
2456062
5587932
1470404
2268957
3838150
1654991
1398543
4772883
2653288
5582674
6629513
1454152
1451458
8281229
3590023
3832024
1101134
6984906
1442911
2725395
4803330
5422149
173942
7481553
973564
1474264
3306268
1783503
2320452
3315002
2428169
192585
613742
6815607
3440398
2618432
1457674
1729689
1261149
592193
2737375
2205463
9900098
2845625
1488832
3915832
2643155
2440311
1996872
3415526
2631917
984057
3802872
8863475
1459171
8236794
331956
134034
2223952
2200056
3153509
1671572
3237621
3937011
1656458
6538053
1242578
4143302
2117583
7521762
427807
3111291
253728
176155
8352704
7762767
3956241
5100739
1679635
9622492
4554429
643605
7530274
2225680
4587185
4966751
3526849
7151708
8454273
1893255
2245858
1577646
1367980
898424
1774861
2918538
437627
1624926
1142551
2990740
1425190
3938550
2100062
5259106
1740662
1261490
2257380
2532074
5320619
5430496
8260324
4638191
2949065
1320086
8318958
2472793
6938398
1777455
37957
9526909
4860472
976730
2547434
678719
197521
5940975
1856629
1433932
8788333
2861762
2269801
2553413
6631631
476988
3213561
3586817
2957420
571369
1382576
9933502
1493136
221774
583118
9375106
1182089
3218332
690785
1990788
3953518
8385626
2277541
5240639
1631447
5616521
2985804
2761504
1896317
5412816
3955837
1909760
5304881
3150782
4709060
1285331
6137594
4667978
1460468
6188396
5258557
1580036
1249240
1693521
1328425
1103031
3643592
5850740
322358
2385885
5498457
9541945
8734980
1464845
4400365
1792278
4737951
2958170
8532082
6768962
6758922
1487771
5159186
3754928
5133206
2402195
3676811
5258729
3176652
2274800
6364411
1478273
4961110
1736196
3179900
5589746
3930515
1577911
2198097
6150799
1303416
6367085
4790442
7881037
4214646
3996574
5959963
146874
8544492
4548682
7816859
6257959
7187342
3497394
5459956
3444089
6112542
3224109
1487621
1216968
1527124
1977423
1998059
2653415
2808031
288887
5939384
1873972
1503858
1263180
9548504
6696675
1604190
8388032
3536091
2856356
263351
3504223
4485522
1803887
1156008
2550118
2934850
556283
1358540
6575815
5689761
4767433
64742
3231369
1461260
5714152
1605482
229136
8282754
756687
1996175
4808776
5831027
1686944
8954254
1857574
3507595
2472692
2692516
1960339
7742473
2127033
1620572
1940941
4240835
6424942
2580916
9375968
228847
5740263
9994420
7573171
3786809
1153796
8914746
2782470
8979569
1707598
1356994
396304
6958839
4332458
5518535
1811973
1934611
9833471
6257970
8543228
2120868
5168838
4327063
8421017
6755196
1496233
860222
1957784
4514874
9846980
1381774
5889307
291055
2353673
863823
1901197
2484928
6336621
270149
4240269
1888101
1849765
4578886
5178997
9197216
1512373
491893
2924603
6496288
7626318
8284061
3517961
2613466
1119378
1525649
2575082
395464
2501364
2183083
4523029
1542641
2542934
4852300
3799976
2509899
4771152
9818195
4572609
5653433
6801034
4469999
1564077
1739746
5138233
5632307
918354
1834332
1180456
7505414
1362833
1446763
2161610
1862881
1652954
141520
3662647
1272892
2813448
5505746
9585269
6534844
1934560
1541112
2219561
1371350
8378962
2171979
5371659
2486206
9337398
7948016
4878885
4162318
1686300
1601598
1153265
28694
1854161
373186
1916349
2657847
2739777
4113068
1132451
1294684
1635309
2381588
1955048
1924165
2505853
1716254
8491331
3248899
7498156
6657399
1233536
1175497
1270303
1814959
3935272
1478849
1240962
7914831
7945693
2841212
2991588
8851136
1993536
1762002
431483
551754
4279456
1523907
1250268
671104
2228701
5853700
2286669
1603184
2548502
180768
4301549
7362352
6361589
1129786
7174003
4386628
2826835
973317
6838451
1984486
2774917
1174161
3682172
2274307
555751
4146392
1898461
7321495
1301715
1707609
9107976
724673
4649970
5260593
2961784
1188290
3321763
1426452
8860973
1217397
8735472
2135194
1379643
4226361
3128853
1572688
8556779
3134094
4595871
4750892
1377548
1132672
4382523
7985223
4181409
8851659
1727898
5637453
175874
2842550
3876320
46604
3673647
1576590
3556564
335644
5393884
876725
4723192
7522223
1978499
8510130
1845548
2625542
2190536
5686243
3813712
3861593
1991879
7589569
2721773
1754266
1216093
1201308
1991744
3353165
26064
2520286
4630897
2923544
1503568
4820974
4222630
8671713
4636060
3954197
1165843
1641634
1767317
1877257
4861330
6332661
4326117
8895242
6110025
1911161
2672962
135599
4387562
7714933
1424591
313763
4764926
1781496
4875469
7998877
4558225
1766278
6738096
1599481
7135602
6541957
1350405
6525090
6253330
1575692
4851462
314202
5921437
1822393
6844155
6604781
2111845
1740044
7253273
74742
1442325
1451938
1559200
4271523
3530671
11174
1976794
1353777
7506468
1765587
2259516
4475809
1465684
6623338
3433045
2611486
5162946
9685284
9324902
1814817
5390649
1106441
8312263
6485597
2951069
480148
9574181
2318076
7564316
125577
1323597
2155723
125188
6516686
3973013
153559
9156423
5657754
1330011
512777
1238870
3864031
249293
4809723
1815531
7947928
5201327
2159907
1562730
7433638
4592504
4835877
8265435
4750305
3134523
1237528
5920443
9896069
4254630
1781786
9521774
6295335
2371025
1285817
1194549
1342458
1443096
2726612
8828204
4693408
6113380
2769505
1227634
2595231
4817248
13322
2679782
7336184
1797278
5927916
5936938
3909003
5219177
1306390
2946960
3220158
2217608
118879
2988033
59195
4827343
3396329
1193191
1796121
8116602
19851
4466682
3900053
1475300
5511233
3355455
1774756
7193865
2727323
3464526
7493017
1805600
21280
1138955
1884051
2385059
2243983
6584515
6134646
6796555
1269075
4131587
118833
2857420
1905374
7266401
2323938
4545098
1465956
1481389
4776716
5841867
8507732
2909919
1939023
3141509
3101445
2937805
4901650
2267511
7321388
825011
9187816
1309705
3325714
6902598
8578066
2811093
2473841
4511145
2859789
7745668
2989502
6295671
8336916
6419555
3777975
6290379
9126185
6111100
1642408
3105487
1608689
5987300
599111
2989442
7258294
2359202
1557576
9120112
4414892
1174547
2491837
1470079
1335336
3818329
1364152
8684637
3531918
9163255
4176277
1285484
790825
2190545
1847694
7165244
4738850
2265387
7200193
3872327
6237787
2796128
5663138
3224981
1102315
6269618
618894
160470
3420462
3525401
1567997
1419433
1464890
1339720
4800854
3399303
4648977
349793
2679956
1223889
5257037
1214548
3231227
1980112
1133732
4936073
1701437
4421615
2822677
13052
7427580
7711473
358357
7167374
6502402
2168591
3703758
3973577
6723021
3482972
2506423
1468949
254088
1737545
444054
1363031
2458636
8755709
1807339
5140442
3715444
1440705
7924598
2335370
7892193
1897635
2133697
8743087
2321409
6104303
1505548
8772744
9291714
3581788
5597075
234123
2986290
7144115
1870313
1492955
4716802
1530389
1533073
5593262
4162623
5903359
2392678
5861436
1177090
1632461
3375690
1442587
6259499
328401
7881724
6438141
1344022
2592900
545110
3914438
224750
3977591
1277952
336630
3417476
1694756
2230604
6517429
2798982
6371935
4865513
1335854
5425368
1108648
8230922
8190151
5374557
1273673
6163678
1792256
12253
7115088
1367780
7955383
1741263
9151281
1309542
3938613
3405947
7435326
9476360
187781
3705052
1563078
3496784
2830112
682009
1298200
6260453
846105
1429118
2927649
7465603
2331963
3198112
7668315
6482486
2766583
6488765
1378694
7774308
3509900
9859482
2297074
6389311
2926642
4784589
7608613
1631
5446262
2386085
3859575
6642682
684591
675792
3480491
1747838
3661312
1105823
3756314
152261
3566602
3383941
2635467
1829372
3990473
3393542
4651133
2229219
7692584
9499042
4165339
1850558
8924762
4596598
4658421
1551628
9889764
5811018
6784053
1867365
1507615
1941102
2854975
2450088
1637442
2807144
9622071
6333063
1685701
523676
4454598
2130684
7541115
1283281
1427858
5841556
8784210
7363254
3534509
2670175
3795502
8854073
131629
6497465
9911299
4833850
5277298
6601330
4447724
1751426
5147801
171302
2291727
2126303
6760581
18530
269225
1705432
1461812
1452431
4188427
7191409
5451160
8185031
1744495
1813107
8605990
9928928
430793
3309476
4986950
8381823
1951008
1558826
4471695
4190556
7879793
1168287
3154482
7742621
1351456
1538211
3756348
1587810
6804328
9403243
1194191
448745
7435840
3975681
1360088
2789495
5944870
2228380
1575014
6185596
4760603
1780600
5812149
1120915
145224
9357747
5409067
5656816
2867608
3145498
9446068
4703625
124134
9213998
3908804
3208970
2239281
1424165
4111662
7124377
2679414
4373098
2390118
1561312
1452212
6271844
1251761
456256
7266774
1907666
1999291
2416734
1280032
1427220
1646377
1271148
378772
4533931
1857139
2261568
9670146
6150239
1392362
4511602
1195664
2872858
1531435
2514485
4481582
7240222
2202675
6766408
5978321
4785343
1900743
876961
4241834
338761
4529045
2575530
2175309
3310171
1938074
4824291
3323928
1638366
4675807
4550390
4117840
2365328
234852
6802084
1251522
6579242
2149106
1116142
7907870
6260002
6234110
2594117
1630367
616315
3443495
4397331
1147309
280435
5162191
1644544
3549449
1943220
1475426
4389455
2643629
2904604
1409620
3541693
1368498
7694910
238510
1473892
1876329
3765882
964080
6600583
2911688
788818
1216442
2979144
32892
1313640
1372046
9289804
3862326
1666335
3660010
2188162
5699913
9360423
1453554
6580059
527512
2218088
1100197
4429100
2150300
1748935
4813442
7217916
3796242
2420362
142675
1104017
494548
1189435
119793
7903998
1735614
1984535
2776132
1711437
1414291
1914754
3262070
7735493
2581964
4917686
3479053
2638525
7814989
1302621
1925876
4155446
1807311
5249923
2988271
5214091
2462578
5512353
3996052
2236581
1854293
2461767
9417591
8424194
5743729
2177253
4947640
1110155
6297940
996869
1704280
5994895
2254571
1508263
7999573
3149914
5549792
5987055
6494558
9898708
5333010
2750432
2505916
1611510
6506174
1370300
4564058
6544077
2481048
2827052
3331732
6697292
3683668
382047
1766390
2642998
2980122
1116141
1243074
1529899
7502266
1950115
1589158
173730
3446498
1970536
4944247
2440019
3925064
1867360
5693868
185237
3349082
7176126
3451818
188583
3883236
6882907
7413066
6375389
9590935
1922717
6242142
1771535
2744402
3725627
6635038
4881478
4899908
1470618
82123
7412698
1787033
1905846
6228411
664320
3330217
1862244
2839900
8821928
1378829
5446016
4369435
7215063
8134092
3828568
2728432
1603748
3465375
4217335
7522333
5924937
4836158
131327
799459
9591958
1791080
381699
1965660
9900745
1379388
2436821
3841761
3189071
4151746
3100556
6138502
2197336
3251658
7461828
6257564
5586604
2595912
2747410
2793483
8701887
1202091
3470892
299062
1755511
3348341
9955906
1602643
2859419
799181
137572
1665668
4633720
1757280
5868777
2839878
4288496
1592020
2658152
7415195
4361943
1360992
1492264
2557180
4535212
3448451
1173608
6733426
7827388
2776968
4448664
2949388
3401830
2343483
1182541
2992769
3367587
1925966
2796397
2844923
2698802
1813049
2645136
7908284
3663371
3239739
1847191
9435463
1396595
1889290
2496912
3221998
8727992
9758734
3489162
1609508
1326217
1791308
1784970
2523136
157604
3550904
67108
542295
1506925
2661489
6723799
1752983
1787330
3661472
1616731
2300263
2693989
5755525
8394887
4823468
3333228
374952
1104520
6825162
4785817
912365
4624865
8563712
138368
8903027
1218561
2424596
1265171
1495526
1989596
2540248
9617499
3463068
2579751
5645499
8942726
3459595
5210632
2560090
3728875
5935847
2674899
6142060
1657728
2877972
888891
3390031
4258958
321174
6512697
3416949
5663647
4513695
1309477
2230515
5135749
2216959
1979976
1663684
1510913
1113426
3284156
2146021
1398186
3388796
7950899
4570203
8587876
3190720
4517255
3683993
6268558
1700562
7275457
1503277
1832296
3404475
8288671
1515
2287626
1760871
6161644
5423291
2700471
1762445
6892681
6315185
4215299
6432479
2409280
347826
5631477
3439697
4423115
1596379
2658715
1553967
2993288
5749554
5345707
189283
184784
1468903
5971293
5242066
5663217
3981346
5207240
4620507
1575135
2126559
4773357
5307939
1896891
1138020
7859476
1195486
2871234
1472575
8989037
947766
7882977
1830052
292769
2151235
7604468
1362866
3187084
1747442
6667482
8645049
269541
2218314
2267177
4864291
2989606
1945958
7483266
2557782
1484759
23941
13234
9145527
1567263
1563976
6993324
7769798
2646573
1390646
1889234
1815748
5607043
960575
3303789
1669267
1136575
3790451
1988964
1520737
5708555
1879350
7207369
3843351
1202447
1268504
5741640
7842469
1969045
1967194
6528194
1407081
9122907
3104424
9947239
1745672
1648063
3431598
5200880
1946566
1459024
2255295
4455238
2620227
475451
5444843
3427005
9582172
3722751
2860822
1884303
188879
3491917
6179063
2409132
7211059
8578355
2927375
5952824
5209896
217335
1354824
1517849
4421771
2243383
2136609
5105711
5667200
4519821
1912880
9207933
7350674
2814420
3544506
1680649
1995873
5230749
7414351
9710761
3616450
7995395
2420722
513513
1457177
5181171
296136
1343651
6804570
168825
5110982
2912095
129434
3958514
2940290
9150672
172661
1745407
3382990
6990605
3126759
1321308
2548624
1396221
5955181
1726877
5273828
1478508
4209028
9363114
1616581
3949174
2303089
1105649
287937
7617321
1231808
8249688
2780186
3621322
8697678
1816594
5572013
8808617
7318387
3677354
2471437
3895528
7554075
3521500
2778744
14012
120643
9624236
4527536
3517100
4618847
243298
7888119
2146745
3188491
1383654
4766724
436996
4577370
2101694
1852525
1960164
9798509
1317689
1984819
1333456
1832060
5372569
172200
9741267
2762371
6689489
1233077
3332179
1123015
2914647
1673440
9301471
11842
1163073
5867387
2494245
2280559
428887
4324050
172250
4170133
1651598
4542479
1915140
9822871
3509342
3848932
1224334
7916142
6954431
6624673
2859729
1201392
1613229
1258420
2889670
1146920
1993403
9721739
296617
9991992
110128
7989030
9286107
1239663
9946946
6408733
8152500
6655969
1346836
889302
3726821
4719690
8956173
8338857
3300234
6402152
1829899
4988412
4544156
1713548
4192896
576241
9652903
368354
1315846
4292165
1236104
2579708
3277893
398934
3163238
1916200
1986386
1695125
683991
7281130
5999784
6390075
3644885
2610202
1564302
1670978
6741201
5301861
8623002
2558391
3868702
5160501
4317252
1900879
1977921
6794851
1427942
6581109
2493820
6303765
8324584
2352938
271285
7726649
3147409
4107319
6319288
6626707
5116644
6227911
35615
8870887
1480106
3334505
2452841
4246211
1899283
3656593
1539151
6606604
193766
1117252
175891
729422
2418003
1417952
3348593
3691206
5883757
1634132
2582230
1182139
1850659
1825583
357678
1689704
1387731
4431851
1543185
2585011
9846656
5346530
1547491
7649266
9214954
7389612
2459535
1814830
274240
1174933
9625408
1526010
5995221
3625582
1216720
241
1768426
3450602
2528836
7562962
3480816
1940245
7596029
7792291
1653795
7957810
8886353
4238538
3165909
3770549
2708666
1710717
2287019
2608395
1229435
3916520
7197108
7448128
6387780
1403762
2306205
3593244
1403260
1479991
8697070
1962647
212235
4715605
1171364
3263597
3760817
8763658
5152978
6805030
1400803
7197572
996568
2990583
6718315
557626
3272387
1351511
9811902
1248851
1918689
6440291
3429523
3723838
7798704
3773154
5609191
1455543
6698092
6865770
8687153
4108783
2294970
9773227
8195755
6781765
1122671
2386921
1354997
235376
9982461
2883718
160748
1567338
6492439
1635048
2866513
4105365
1746206
4298517
5218649
5654773
9308398
1466023
1653079
1949746
4442530
3674353
3312810
1211513
8933356
1377157
1586926
9903052
2167587
1576952
3706304
3491959
1934205
2986388
1818801
4397
15607
1302758
7309706
2264834
1752214
344814
1745293
7427509
4440412
321755
130188
69179
161090
1815292
1554637
1632898
2116382
1481503
3498925
2853547
3616332
2852453
1618085
3904371
1514044
1280200
1969750
1159733
330785
1966438
2138356
4206408
912415
2107981
9920125
1432880
6557149
1838067
1849904
4917049
4366551
1300483
6710373
7303714
1738018
7767911
6386581
7943848
1410206
1231940
3711222
6919640
1605479
1607594
2560594
7208838
6859927
5599749
1669216
1932051
6588050
2344960
4475218
1660998
3775433
11216
9294797
2703844
1278520
3531048
8266624
2575798
645987
1618545
4238717
3735746
4834409
6134797
1109048
5673585
4754407
2489063
9312821
2747158
3463370
1179326
1691462
9312933
1679896
1555664
4752503
454197
4813536
3363998
3996849
1631060
1447979
2587056
6969239
2231847
3353046
3265332
2841885
4315988
4238624
3663604
4500287
1214162
7353420
958176
8544814
2599602
6608927
3308481
2851422
1414859
5608759
8995961
3784056
2510887
1926648
1386876
1831577
2697193
4205085
1121524
112566
2385471
3983345
7971470
2500100
1275588
7911654
8983669
353762
1375142
2789859
664844
5900939
5566017
6415105
6758016
3891269
2585340
2898316
3871201
5437357
1370828
7811193
6103781
49585
3681428
2989884
1881071
2767555
1760751
218467
9269355
3128539
3659229
738218
1524806
7878347
2314792
8687601
3495899
1804493
2344850
5691963
9737171
42825
1962748
1730404
2923156
296118
1929653
3914056
819390
2679679
3519716
358898
1683222
2205700
4424892
3116063
1201075
1834250
1755421
5139425
3400156
326249
9814751
4780615
1735222
1122651
3489360
6279927
2554594
1524843
8194555
2892638
1719227
2583888
4191640
1697078
1527884
4530226
1192004
131115
1781095
6796595
9662718
2138473
3747379
680981
1472961
478241
5272485
1336651
4917286
1248183
1378083
420964
146763
3564962
6677057
3396338
4240593
1556279
7143974
5528823
1738444
2288920
2548788
9466348
4350072
8277732
1219702
4264762
1272407
6501747
1987049
6597056
3971807
1199717
3670985
1732988
4136466
73514
4335324
9435655
145595
5998980
1533444
4233593
1152869
1289344
3264534
657521
5799522
3530429
1235367
314994
3641819
1710736
227000
5126963
149402
3183137
7177010
3515834
9271415
144184
5664068
1320941
4365198
5267112
5817913
6756172
5647649
2561130
1529006
4318164
1804963
1202252
9993431
113213
3789274
9195711
1346860
3950039
3556182
126477
1253948
6978611
1110018
3816448
3999567
1291814
1442025
1452994
5507236
3395309
2896724
5599408
7763141
1350179
4934226
2288619
1333965
4957720
379635
1272844
135476
5451615
9907483
3246239
2449340
4417164
2885312
2718560
3619835
3680725
2470912
2414437
646576
934987
2190586
5201663
4763572
1523183
2957611
6524594
2130709
980663
9569585
1849481
5273044
3746084
2668652
1119440
8728618
1945146
275701
2282158
173963
1996895
2245171
847632
7161036
4371048
7750900
2369897
2121471
2572382
3635902
3156034
1875763
2262432
1993597
7177036
1761813
2546653
8878310
1590066
882471
4792768
9386740
3385841
1221733
4241160
3440819
29408
9564628
1148709
4793900
1959913
7825921
9275752
2556537
3965284
1967764
1613062
1874325
1241684
471970
2657819
3436267
1573240
1103545
1426708
128658
7194199
315196
1733443
19437
6553115
2605779
2682314
4327459
8807660
5289310
3640532
7214008
1670393
3364617
6180561
1602086
3608771
1913171
5621748
2568970
1839163
1310471
8702407
3346106
7101862
8797942
5953644
1456617
2249460
767649
647288
754187
657873
4919377
485527
8161834
4547410
2680367
8602549
3934190
2157802
192753
4646457
1597155
2696951
1796268
1347426
8208576
843998
228918
1483027
1753279
1444682
121151
1478491
8429106
6569164
257219
199226
7756821
578032
1571956
7959699
7404789
5288453
3294777
8234477
2583507
7864316
4365334
7640784
6342170
7636441
4882787
3318601
1263688
1712446
8280585
3109104
1145878
66464
1240426
3549104
3764344
1789260
9903046
1117172
5909869
2406224
1591871
1623953
2381245
2224603
5802929
2492434
1606677
1279566
1842985
1411223
3383625
5752429
2407283
192720
3704097
8384947
9142393
4473026
8699114
1461173
6531584
3157102
2321215
6981058
1806704
4321144
1707469
2440179
1609830
7878120
4904048
2921150
6312403
6150565
291662
2284094
362204
2504115
6509894
561258
4745375
723128
5470521
139871
3463578
1533708
1943013
1937793
7862020
3887032
1563589
574881
1814975
2231124
6381748
1458361
2714061
8377883
5134162
4312077
8141756
5909179
139871
8529863
1796506
3668571
1217498
9222634
3448492
1339773
1948317
3317543
9919484
9326959
169323
4602603
3162567
4676669
6555437
7102767
1323235
2283288
4489834
2280994
1277299
868129
3267103
1521471
5883920
5906646
6887179
1493630
8625551
2188818
5734621
2437448
6760402
947459
1663432
1483750
16983
7859603
4451116
1337231
1620074
1818594
2142567
3451031
1374155
4197789
8192385
4312894
6262897
5321266
4762417
2809649
2690205
4341063
1565319
468269
162865
9991505
8926998
3660255
1645884
2298508
4745285
1640304
1666181
2438911
3762090
8870567
571642
4291044
2648411
8702589
2939581
8793160
1210014
3897906
267024
1943535
2403122
8668332
1418688
1378799
3275668
6371279
7246702
4423722
7957385
3946712
6616013
4366093
4987986
113401
1576146
2537930
2707618
3467814
4595936
4285414
2249880
1827195
1341461
7906517
414489
3755290
92012
2873652
2711641
4837143
3405026
5484350
2597917
8648579
4150279
733101
1393996
3636282
1996905
1681158
460902
3694920
1691367
315352
5731760
4865453
6526639
5760769
1929054
3250018
2648264
7785759
6648437
2559072
190940
1882480
2242080
4909204
2773995
5933488
1410931
2549512
1741762
2168345
1222441
1157397
1615111
8852989
6656365
1506766
1611067
2102618
7963891
5983691
236552
6160014
4730047
1450215
7299794
1697208
8521650
1131921
6835094
255146
5661699
8461893
3699432
3469959
12746
2234254
319858
2335187
375204
5826170
1854714
1221923
9910950
497705
956994
1890959
8947216
2781716
5121911
1846758
1607854
3231724
1349966
1946308
2803820
6952177
2140525
2212843
1468800
6170068
1321350
5477167
9273525
9680347
3519087
1396165
2855756
1460441
1582352
2527836
8942431
495028
6360837
9274254
4211810
1664663
7571939
2949472
321574
498586
859672
340885
1478811
1413066
1897863
1996891
7821210
2976215
113141
2474548
1667718
2308093
2580395
3511468
6248529
9888158
1332316
779411
3599448
8943495
1369225
4154282
2387710
5875388
9930473
4730362
226247
1137186
2731196
8114144
8211140
3292002
1946868
1892709
2536003
3847232
3598564
1194619
5786360
9259425
150843
1653814
1337612
9266093
1795734
9431019
1625915
9948559
1418353
2307074
1482475
23370
1808064
7554095
1853667
3175862
1583593
7117371
5433103
1491876
583316
1445175
181679
416221
3874773
5618861
1342063
9250425
3218380
271941
4197068
1420323
1350634
1597800
4339483
1742014
3475585
6598060
4648508
5413770
132465
1469464
1770759
3767741
94753
1213716
1289321
217808
1562714
1574445
5475323
1330733
9718960
3882169
1850331
8229094
2725514
893473
3111319
1271999
1676301
5363316
4403259
1966426
1805253
1884307
1337015
59118
2194651
1768741
7737739
1591212
2944706
2493973
9844009
1996178
6814850
1450348
7641939
2245842
1783572
2592420
4443728
4280790
2844650
7389372
1738340
6622020
5102626
6595951
3554427
2453838
4157783
1264267
1371543
3357699
5404674
4953506
1613315
8868606
8657811
8746917
1545667
668302
78427
3160987
1538720
1632220
1459092
6737927
1280085
9326064
7804011
1696606
838138
3245603
8312201
3795991
6244806
1521271
1552126
2357306
9249641
1820777
1845604
8692748
6978901
3122612
4883478
6245084
3898504
3159960
5762580
6393612
153120
7839050
4537879
5768129
2650862
5147088
3230348
9696228
420404
5647268
4790476
1930161
4700094
1702922
4674647
3120592
1654313
549882
6651700
1916262
2120405
1773145
9283733
4616754
2585739
2726676
7463232
1462513
7221285
3965141
2588777
197638
2276705
1500990
2268139
5621018
6154214
4651677
1946660
5803463
9522546
9701307
6839595
145834
2799138
2439928
7643100
1721828
68965
2915476
2423600
1790645
1267837
1362602
5212552
2696022
4615581
4199112
5263535
4301784
3416681
1370132
3903718
5639234
129202
1541472
3893793
2803213
1483222
6295455
8163606
6369985
1885773
4575907
322273
2827572
1255831
25987
3868977
4880868
418499
5427306
160535
6564275
9702167
8954555
1764768
7564500
3436294
4444178
5712443
7354631
4448016
1975527
1751672
8127614
3754810
1278138
229625
6818715
5246579
5515683
6104486
2956873
4211528
286719
1207564
2653274
2754310
1453192
4984228
1382800
6576048
1159195
7950291
1862072
3590201
1414660
1919839
9246622
2208405
5618957
1706554
4557558
8419312
467198
192280
337171
3734455
9949655
7410287
722290
4452905
1971960
1782097
1364073
1520478
2699139
6622609
1890354
3343286
2515171
1903950
9684306
8373467
3148486
2604800
313108
661527
5279763
134226
195905
1952526
5700125
2640222
8972346
1312713
2909305
2370797
5429260
5671647
1210741
4820782
8829035
4521774
1911250
7120822
7974380
1782039
2297246
1969244
6652372
1799833
2185384
4884887
4154830
7600396
8664089
3253861
5638431
1127029
679529
4466545
6416709
2897882
5463769
1116094
2831149
1115897
1442659
3900566
4673930
4366339
2322459
1994285
1901295
1183987
3994382
6780229
2469786
672814
9375336
2346857
4900489
4371691
2530487
920271
1874844
3842616
64097
3766787
4153426
3307138
5233424
6197869
8990180
1808188
7820555
1515533
2986585
2724298
5617915
8741490
3577750
2602108
2380136
1672153
3694531
5741354
2155778
110541
1429128
5646646
5801035
180848
6297851
3510557
1681212
7953640
3577006
2800585
4922064
5523807
2974158
8186995
4980968
1941034
1912401
136934
245057
3750043
7611310
5792663
1556461
1949437
1642557
7872573
7185132
5967012
7273252
8749007
2908057
5781497
1764614
2381327
2317106
2617148
2664458
7950715
2286283
55343
4394219
9139779
6951764
3424918
3705769
2937689
3144007
2518973
1228296
4754022
2620446
2543820
1628414
1867114
3357379
1364948
857440
1598205
1439225
2481556
6905374
3440901
5650154
1710875
3413467
1543496
372602
7110080
7690115
4353273
5148211
1564574
4138515
848614
8265448
3910794
1836380
2438114
8287442
2528954
323092
3134963
2404940
382796
1532730
7423254
1987587
1567532
3100737
1733303
4531711
3495151
5393259
5741989
1839857
2744270
4410245
23594
1445653
2492066
6325645
2734074
3642539
2592017
8895610
2174668
1825521
1102132
173569
4784063
1527301
93286
8719332
9576901
5762028
5859592
9720059
7988352
6620509
1707074
410867
9529029
4121391
6593002
4832448
842978
7637368
1443982
660867
3371732
1449240
1483715
4749863
1761424
8969524
1415069
2746505
1597126
1478654
158240
6728949
2724156
9282385
1896274
9788758
8764706
3757889
1371242
7365267
1547063
1699596
375302
5792959
2384941
1977569
2695179
2107018
381705
2807765
580230
2966728
9444015
1503984
150577
1285291
1398497
195494
7563503
1404386
1998978
2906786
4583421
7794652
1565991
1887939
780066
2350488
1720664
3712744
2528246
1946878
2430378
4522721
4160969
2196708
3413069
2125009
1602454
2175853
7545491
2278394
4302516
9669355
4154009
2304642
3652274
7754301
1964046
1387254
1454753
3167695
1368442
1622377
9171804
1971435
1155778
4724513
3357216
858452
6910923
4396145
3329553
1163638
2320971
2278385
4412608
1957705
7878920
9313694
1427297
1756987
724271
182862
2467924
2751545
7413543
1994136
8495469
7667242
7273933
3278541
3156068
3503217
6128949
1820624
8506702
1931544
1859360
5758610
5304180
5403505
3997670
2118793
1493092
1157994
7185750
1793522
3695613
621049
1283861
8691059
4665791
1119271
464561
3547681
1595275
1549455
1918811
3865041
7650510
7588082
1917937
1773218
3159957
2571808
2566529
2500728
3874083
1795558
8185918
1973151
2802206
1132977
2894512
1688071
1183061
1308542
2783160
7455385
2310579
4278461
3792010
1824094
1288270
9887253
1713466
1965207
1835300
5653304
4635394
9734083
5805053
2777262
6914915
1779796
1395773
3198953
1753433
1889449
3273363
180589
1992852
5906699
4543427
4323839
1649886
1553257
1642578
3803090
993250
5793626
6853708
254022
1376469
7844232
593029
1101334
4134117
2330466
1374003
1504720
2247774
2923867
1145167
2393268
2304850
9311305
2375915
572275
2326096
2538471
3600508
1974394
5418011
9780072
4901655
2233259
5262706
2186326
2569338
9744341
6895390
6807218
5306026
31436
5840493
7876425
1889259
3351535
3504675
1457386
3412744
1662025
2812049
1845449
1829917
3865488
3392230
2386082
1927652
1294964
2384427
6843564
1958656
1701610
1727893
5985683
1130077
2967777
366501
2332037
8222485
1241056
9701316
6627945
2303821
1826311
5192508
3506186
4868103
2588350
8413043
5650366
1230324
5501689
7694746
539283
3968020
9910340
1558422
737276
5363238
984200
1744357
1796375
256612
6606655
1631588
2253114
1547868
2226515
1195029
2247304
4454631
3960913
6435396
3384384
2372068
4723300
1950929
5939329
2443797
4507554
2624336
3227345
6663953
638875
1538504
9415796
6966979
842731
154073
6227078
7803415
1458811
392290
2222620
446338
7320522
1838883
3620361
4904396
5810310
8277721
2390849
3973374
1246209
3279677
4861121
8254943
1160674
8605446
3450622
7604661
554321
1873126
193929
2675802
4888754
1418271
8387732
8219940
3516252
233419
9818162
9819453
3690713
6885004
779881
8860598
2827326
2919483
1483409
4397884
1710076
6684271
2433397
1615734
1271897
3632526
1452340
2946830
6802638
1183933
3293777
4641893
1217644
1166760
3899529
3746287
1308469
1909994
1235860
1741492
299239
9251900
1532842
8219453
6642502
3651881
3577122
1775041
2366937
248223
1262238
2544143
3971971
1601737
6223675
1720752
1841195
2466434
2838921
3303380
1741329
3105350
4176440
5729273
1882456
281324
3934385
5471656
728070
4542453
1609892
4479735
5115619
2362111
7586738
9565056
2512640
2516866
735831
1800878
1488280
1314307
8974770
9206361
1148246
1502630
7284794
7732164
698772
1910684
9973642
2706404
1555819
939022
5421317
1988948
1791046
9152613
3520638
8480828
3486584
149223
8870162
2790114
7672122
2163057
183839
1854340
1508942
1592618
2947385
328685
3644570
1818148
2438228
1919667
2293704
4545149
3843160
1486425
1428317
3585322
2512187
1652433
185977
1297064
3901624
1856779
9503686
1251208
1187304
3206073
4206654
3132414
3292519
1354695
1859990
6416493
5394824
4499619
168234
3298282
7100524
2592988
3413492
5516140
1764561
1565457
6699709
1515492
1185987
2193884
8978816
4231970
1359968
336530
1311132
148437
5689759
4133021
1563638
2668856
1990356
6423368
8988334
4515175
3963188
2429764
1562964
7765306
6933471
4727960
4632762
1443591
2467824
3910438
1206490
4305674
1634138
1485575
120709
2859670
15804
5189835
5370074
3492695
114834
4540023
8328654
7660708
4969622
2998911
1124
6687799
1711367
1739563
8498275
7514131
3609408
2389582
1980151
1831992
1764534
1976322
3569613
5104264
5927251
2579874
3205954
1645367
1592052
4795208
2534945
6684625
2893786
8267781
2573691
1674879
2777734
5429924
8759845
2739357
3946994
2855080
9673427
4249824
2493298
2742648
2725735
2722693
8149962
1329086
4654076
1619800
269989
5411940
4758236
2712199
4751957
1564135
638899
3161682
4391595
3212921
2777129
2672038
2641813
2488543
1691912
9273934
1201207
5275298
2751462
1331212
1909389
2535505
6509393
2209969
482599
3949138
1652602
4414783
1324469
1202177
4477072
3818033
2493884
245403
1319257
397572
4289494
1380473
2370097
1630649
215059
1720906
1627819
1240189
5564378
2135390
3123293
5683189
6796822
2884944
1999551
6548045
6490038
4796188
2486945
2494234
2334741
1438326
3178747
4202983
5965420
1308165
3190089
2689880
3765045
12896
1607988
5278483
5409682
3783075
3709038
5171667
8890862
6381794
173089
2571062
5150929
1760347
1191980
2376140
1568213
2714730
8504941
1797510
3560511
1993990
1549234
7178541
4609880
1872076
1566300
5517546
2874636
662626
1560249
6889372
5918268
1929261
8558122
6950843
4793900
317186
3709825
2162236
5361063
6956504
1188026
1750242
1903693
5785001
2752490
6454768
3516675
1449852
5458176
6896580
1387525
9446990
7482629
2625678
1399590
3211917
3885680
437507
2133634
1527131
2680347
1891235
3493806
8436444
3610548
1323664
2914306
2983985
1470080
1426926
1638372
282967
5688615
4927087
3258933
3215989
9338932
3372991
7679390
2579300
4582615
9279475
9392122
133832
9735007
2960090
716671
9667045
290614
1902503
1216934
1298348
8672075
9362550
2520513
4252974
1713763
5627457
1862581
2941954
3391396
1400665
1136078
5801303
5406719
3712489
4270441
3791435
1787333
1164080
3634775
4676184
5915741
1504741
1277023
2438129
1395366
8542
3409978
2661937
6585444
6639344
4920552
1657597
5567851
564914
2355799
1962924
7101531
1646009
8811182
2914955
1699510
2619598
5755637
3302300
9421509
2300628
1746806
9218793
158826
1554736
9133103
1975614
2637369
2525966
1202589
1412768
127220
5346781
4239056
498180
6693720
1234557
132417
2621817
6759730
1531096
697261
1685813
1463254
3364314
1493215
5378223
2169167
3750607
3823842
3168823
1592392
3945169
6319997
1993305
2300713
1815969
1945459
1566706
1139711
1631793
6228990
7686039
7657826
2500919
5777465
578590
1888510
7583412
1400367
9999185
1871191
1334790
2237705
2258277
1107409
4360086
1213363
2460144
5237311
1355278
1244826
5395807
6675108
9953188
2537987
2713318
1516121
1960926
3946834
2604823
1772266
5332968
1868049
966020
3764337
1484302
1481428
1854293
2891968
5686488
9735761
9322821
6910313
1640184
1376757
2554897
5449764
1260129
1737109
4755208
4502170
1106371
6989294
9764956
4657664
4603878
1719046
6547874
1361775
9803822
3241356
4971152
1279351
5196404
8549946
6897920
8665879
5355297
1945035
1665373
3825039
618689
5845385
1222972
1679224
150229
1899831
1703033
3140953
3376894
5598734
149697
8458286
257467
1122855
1842284
7986997
2340194
9518775
3404415
2767437
6810207
9585489
3440556
6333905
890882
3928931
5152551
8938440
8844915
7203755
2246564
6242462
2804220
2392135
5235574
9818098
1648228
2517888
3387150
3791395
2809283
5231158
7895850
6548901
213155
183581
3243379
1351070
6717652
6114243
1191757
1704896
4566196
295741
1966485
5453803
472906
1242208
8627788
3469753
1327717
1352962
9274457
1883686
6113603
117180
1613546
1477479
1289095
1398547
14316
5149348
1556945
7860078
1317222
6286444
2772963
1448346
2616561
6518459
6696189
1495028
6775908
3921338
4759671
6347378
1621985
6988963
2923123
1657808
9780582
5458266
9379654
281173
2716349
528261
2266574
3587496
2694345
2263690
3816952
7354654
2217909
2471104
112615
1177624
335712
3328613
1426645
26148
8919816
5444141
231360
2395818
2296514
323370
2307217
9387359
1674447
1223369
2398575
3525533
1625246
7993989
1488254
1902042
4290880
2627539
2407551
239910
8870524
1182322
4335702
1209606
7964070
5114420
4972151
4153189
1458548
1509811
1276640
3852412
1881283
8715314
5240738
4144899
6675039
193285
2604773
1614349
2704000
3684665
1360448
4902981
2637004
2770868
3870713
419354
5818980
5587150
4421108
2880390
4623310
1924643
1984164
1447355
8878293
2616641
1855916
5596882
171019
1125126
1752964
2510298
1776280
1194212
977046
4554466
660789
1989407
5532930
2859232
5181165
5348527
7210779
1479074
1514404
1625239
2627141
265243
2713618
7111609
3192820
6897168
3204532
1847125
1887796
1501895
4735819
1875416
1652187
4243949
3913781
5182081
2241889
3135682
2817679
733616
1163600
1849796
4386936
7140517
3355778
8867211
7696291
1341952
2940230
1953084
7790071
2261287
7114945
1566603
1521418
4940316
6246777
9832657
8732647
5826520
4916396
744091
2893235
5177313
1536994
585111
1388735
1801989
4248399
1348738
8479434
956877
4604963
8533870
1121405
349030
56047
2151678
1293762
3747662
1967638
1574897
388427
3181314
6214376
3821850
7822267
1415304
2822953
4380118
7834030
1726834
2197542
4444361
1405362
3702469
6152580
3786611
1369447
4817905
389484
2117160
2660839
4471832
9302380
1755357
4734377
6611901
1186020
4999459
1631172
4351338
1380739
5491132
6210634
1238198
1660131
196779
6164498
8741334
3229375
6396126
8471509
6946832
4480630
3578484
3181983
5943739
1902923
286438
6521468
4395104
9867772
3241836
164179
1934981
5715772
7803847
5598562
1793066
870827
1505030
3676931
1940740
533247
1449312
245652
1209518
1597416
2557227
9567471
4815845
8249714
5538879
6698653
2519053
1156101
5307335
4991235
6271360
2938402
2404779
2490629
4931255
1373675
4918012
5936800
232553
2982758
4979708
1118181
8956053
1660968
9629536
1175888
1747321
1447852
6437276
9400142
8272977
3741067
290237
1363551
5739403
3900569
1395974
5440394
3819326
9410574
479169
6620111
2423581
1581025
166178
1377994
4380974
3237606
6716134
3367978
169163
2938040
1414895
6110610
1559789
219146
2219009
1622113
3873628
219255
2943265
1649948
5935848
1521526
1207292
2435189
2873942
6333603
494146
4795343
8121193
1654803
1345528
9352592
1609737
3402814
6763827
7484598
1107044
155585
729175
1893405
1224379
9352638
5638838
1272237
6542338
4333261
4574851
7943253
1866092
336771
2770133
1462003
495222
5503075
1282528
8788641
4812479
1855155
1571680
2487584
597927
7452141
4976886
4400141
635332
1325800
1547947
920662
2824454
5553051
1431687
1342076
3429517
7917247
1748275
5425637
133657
1961655
5692157
53754
1702923
953098
8405120
1455302
8754813
4276265
1392261
116906
2129259
7628946
2931012
1812912
1268175
2594946
3595640
5645444
1186788
1629826
1387310
14846
2519036
1572902
9624770
2427280
4570260
2306011
2627862
2735274
2426859
1321378
6511975
9381541
6682080
1117802
1184492
1473348
1300041
2378782
8459373
3248529
2936863
1382074
5462199
1887248
5773456
3455786
2894709
1647837
1772704
3874305
473778
5201130
4497168
8714831
2331487
3424661
4212531
1436883
2734110
6699118
2728195
6990177
7858863
1906693
33057
1489221
1147448
7443839
1326995
5277812
4233898
6267303
1562326
4540752
8101231
8635599
4452974
2702038
1364500
1932926
3836849
9866409
1294656
3182038
9921519
1326134
4954277
6939007
1433243
4877426
3858602
1224578
2646036
6645869
5550728
6993936
1684738
1163866
4546702
2120462
3689596
6835227
1587099
1537178
2636267
2767827
3372511
3989016
1685092
192607
5788743
1189515
3330432
3192640
7319378
697219
1705277
1378791
2628660
1925838
118024
2966084
1251649
2747811
2699599
3241345
6387713
1213342
1861557
1138158
9674534
1720046
3249296
157715
1926104
313219
3665154
4466046
1853401
4496975
2966177
9550112
458889
2558243
468688
1372525
2474925
2351884
6793028
1514417
4771091
1702709
1231391
1931226
7519690
2992287
2829788
2978058
3101560
135058
1569029
7458905
1813579
1176325
1760251
7315594
1412477
9232258
3791054
1500431
5656598
7843642
1373601
5170485
1151236
3129646
191122
7478902
232462
5420060
2799405
9118567
8702702
5388458
3237446
9241903
7973247
2663742
5322419
9579314
4201435
3866027
3459684
941772
8701707
2727257
1646918
1891182
3191209
9722410
4662180
4659829
8266973
1901455
1952248
7645545
5534754
237139
1919748
3427393
3403290
9777900
4254556
3307459
4628768
8825777
5579248
4841857
5204187
1758591
3863394
8836374
7863424
9108625
5760185
8299667
2620137
5685194
1806393
1317542
4764685
2570687
5750926
4745093
8433526
6366090
5488950
1342154
6235653
3519917
9341643
2111024
1815246
9584687
1138545
353951
2731810
3880164
1851295
1672721
8498898
1541243
3225219
1991190
2328518
3319243
5939726
1113689
2107061
1331363
6346749
7602415
3800932
1125047
1102003
964441
5499609
8714346
3880246
1630329
3471356
3367319
1180524
3224131
1899909
1496277
7649955
2814293
1752331
1288111
9303103
4781194
3222295
6496743
4238507
1202428
270339
7275168
1531367
5591521
8926815
1412547
2485633
4814719
4322778
1160701
4495237
1890272
7262113
1910926
350255
2337776
8329903
2560202
4361936
4799582
4546836
4319224
4454232
3798333
7373306
1315313
2394995
5219244
3563787
1711889
6451474
237147
6250538
6798159
168728
3772759
5382998
3711118
5551407
2605944
1330633
7189349
136759
3364461
1161349
1952291
5730249
5273312
3165242
2621414
1456992
1236049
1249332
417013
1422082
3417328
8399789
3404370
4997390
3837503
1776728
2473154
3852591
4406704
493773
6756819
646801
1540765
7785877
118030
1186930
1346732
5499370
4857135
5471731
880056
1786240
2350853
2649646
6560532
3487118
6707834
2160704
1399780
678538
4904791
4161492
2871342
22777
4577065
2757559
2370755
4362840
1357102
1432842
946518
3378314
2777363
1540139
1461113
61442
1724763
1611955
1442463
2212944
739341
28434
1312331
1559544
2692432
2383661
2122771
4198020
5859071
1572017
8462443
4615460
5781262
2650812
1927768
2643747
7491561
5147830
5568811
5863907
2270768
6980501
1458218
3136420
2561688
6942720
6236026
1462340
5929538
1655263
1134268
4131140
6223557
1592312
1161889
4162771
1293800
118533
2750188
3860631
2981735
2235502
122336
2728330
1508526
810583
3559764
2651043
7413459
1126793
1705890
5281930
2224766
187501
167629
2637357
2732439
7419771
9844443
355589
2238899
8604811
6844419
2648040
6792530
2482149
7329037
727025
1598907
6425873
1750823
264449
7566092
3423462
285110
437959
3992822
7491725
2578921
6591069
419691
7903076
9712058
5953831
1855510
1608893
4111273
1254260
1449571
131641
3973356
131496
2461631
2551852
5598652
2330432
1999367
2120429
1840662
3630794
4725365
5869858
382717
6321212
2531106
8115020
3570119
4711987
1900861
1389040
1686343
2553060
6597140
2148916
1808478
1981770
1194255
2437590
1885415
75102
4684639
362652
134949
3294778
4286298
7960411
2622610
7534241
1165436
2417800
2474396
9369700
1783204
1529622
2139129
8668130
956930
480678
5298964
2367964
1201378
5929682
282897
1302561
5575854
2332706
977092
1204870
2190783
2972339
6128764
3916173
1721489
4116928
7610468
4967128
2756869
3880395
1280072
1553036
8321073
166395
2767495
8339139
2768602
8520187
4173619
2576198
3730547
3751339
1521823
1324425
3414580
3873041
2331298
3562020
6355375
1976274
2103423
2427515
1280263
133994
8927419
810596
3993773
2634788
1209088
2525640
3631545
6281968
8654091
2753405
1748042
7644939
5118591
9587064
5456155
8692445
3456841
2185114
8793285
7758333
1807925
6554713
1427888
4556603
6238299
3408778
1263585
3797479
3265148
3160755
1953582
1730039
1801567
1849214
1141342
2687257
8891532
599655
6577374
7882560
1867497
696302
4689381
3531389
2572783
7188946
4231371
3990676
1762025
1600830
9215941
1997044
1408012
5950005
1667362
2405373
2405380
6559364
8279552
1870205
1455434
2423051
2617240
190821
4386724
1656590
1337781
2696301
4865113
2204345
3373906
5684426
2799499
5646462
2127243
2672245
4705752
1679411
3485274
3521821
2597930
1109796
1430645
9132509
8304094
5575839
2999854
5696292
4186959
5931450
1172290
353946
5334297
3968141
6951378
3625268
9639560
9888352
8400526
1887072
3642325
5369419
25339
1681367
1520445
6814163
1452725
1265869
5671619
1746479
1390630
6411048
1284999
5491212
6481419
3904359
197218
1374940
1210748
2842910
147045
3342628
1817056
4671896
2338057
6157554
640319
3339970
3187633
1103974
3988873
7499949
1627350
4522564
7275242
4466971
249260
3799506
3983144
6757038
2435983
5773658
1319248
2984948
8197577
2614876
183300
6120500
4323032
4136238
245277
498316
4834649
1468381
7517889
1605791
4504789
3244329
4892833
1224254
175805
7514012
1272066
4248294
3270789
4668063
5607248
5603577
2897852
8489594
6663178
318152
2295474
4935672
9950879
1423935
4854193
2316879
1317515
5493567
5934402
5512842
155297
9340275
1650384
1945278
2501034
2119450
394016
8271698
1169277
1630242
5697013
2642147
2574943
2603113
1757332
6319409
1440761
17477
1774154
1775137
2298995
1828284
5550395
1464699
694403
1994569
2329232
3947729
1561347
4515385
140879
6457067
14177
7145973
7173266
1231132
4224931
4323045
2129838
6305621
1915441
1146210
7903083
2514093
1590184
7861118
2774739
3388748
1389758
2184399
8382463
2889970
1285281
4583388
2206239
8671393
1644647
1595734
2263994
7593136
1557089
6393481
149419
1139822
3805807
3184711
210205
1863375
1485405
3323214
142142
767784
53954
5436893
2489815
6995557
3103565
5108604
1771404
5755248
1157624
3376371
7115408
4548822
1869951
1920731
3579174
2596425
3625099
1372353
2804247
1310646
3751716
5232039
288749
1803944
1395427
6467821
2878301
337933
258325
3516963
237375
1630791
8102992
1345176
3887030
2901014
1268692
1471494
112852
7458498
1318760
1191586
1407385
2649816
3887074
1520962
1496796
6655137
2663881
2645370
5339822
8314692
4566454
2306060
3973849
136705
6644531
5507288
1418371
434021
9651505
388289
2621067
2431497
6649233
1422013
7670983
1442097
159748
1335320
9280347
2804998
993633
1838925
1308349
1115185
4471807
1899182
2654940
3827495
2683096
392962
1824087
1426964
3496788
9255182
6943245
1395776
185792
1299231
1487748
1764287
5198644
1462025
1994221
3292449
2865431
3132063
112507
5854900
4396136
4947447
2351868
4188365
8115281
1625317
1455152
855817
9825933
490543
8432385
6226382
2720861
5766448
9302846
1135905
2862023
1995722
1551707
8223133
9560846
2597540
215492
4834857
2309318
1710316
3124176
6330957
328430
2417581
1283083
2965055
5435884
897139
1913497
3938544
1657930
7840280
6998353
5693117
7646927
9859466
552950
6666399
4412917
4863055
3680735
7999844
1476274
3255242
2182704
1669379
135687
2696123
134707
5646732
8878263
9161428
664145
2704843
5804176
1878152
4365675
1132425
7920674
2606418
7991002
2472140
3956556
4597665
5813109
196970
8674077
9895743
26789
2172458
4843070
4467518
7878141
2728217
9228758
6915175
1935991
975278
8185213
1896842
1720338
9714044
450182
3601355
1470210
2373803
3618948
4587515
465490
1253751
286220
4678145
4106748
3613283
2359690
3789733
1553916
9467919
7138383
1837411
3836111
4878873
122147
1662470
1585023
1526014
1999411
3870225
2960289
5718126
614605
4678356
4849330
234493
7739584
9886868
2984121
1992403
2483802
3519195
5956433
1637545
7938499
2669083
2259529
167185
8122925
5921382
2282648
2134558
1352672
3747318
1986601
2872965
3711466
6691279
5253753
9778496
2178949
2279400
3420966
5671594
1654308
7759185
5735444
1923649
2748634
6259782
4542571
1287020
1355300
5371052
1974355
3773389
1673124
5204672
2500854
1605790
1575154
2522691
5864851
1728721
1407949
1446323
2470119
2754418
2733170
1568062
1987078
4169110
4155681
1820050
1814674
7929977
1589222
4664691
2305393
9508754
1857741
9823069
3525026
1978193
162471
5167782
7973513
6406260
5891981
1441979
6552719
9543694
4942212
8332795
6382780
1341456
1437270
2812923
2897454
3433502
1109878
3689096
5578243
6450757
1622528
127074
5468859
9126172
6612156
445926
1909452
4454597
1273820
2201925
5909763
7703772
9773421
4506667
6530168
5593965
731145
1620376
1830334
8615089
1520566
1133341
7278736
7494352
4382398
1215734
183237
4673467
1304261
1126624
6982476
4133837
4668915
2592571
2864015
2872808
5932589
4964841
6447272
5839717
3650960
2351457
1941931
1823411
9568944
1616235
7343057
1862035
5190039
2436461
6425112
2251668
147016
8478991
1433966
8967185
5656342
2400394
3910824
2184211
1715020
135073
1263183
5766506
3390685
7412582
1610176
7490445
139090
8476274
8259129
1772847
1909057
2362064
565730
1321455
3850279
8492013
6980570
6558855
1555475
1258676
3847240
1519127
3969865
614165
1525343
4305050
2771020
2342828
2829609
2116147
1884103
3807713
4353955
4825571
2357412
5275948
1241221
5767784
4623484
417520
7929596
1716146
3399978
2276018
9190032
1500837
4919478
141326
9714079
3918605
1661815
1290423
2430230
5449105
2233768
4266013
1346531
1501224
2431003
6654768
7386705
3615809
2385968
3497355
7450011
112144
5242440
4784148
28751
5112685
7442064
1333614
1982077
9971504
1258946
8471476
5642011
8331235
5654987
1396988
6587135
3468284
9730212
1397010
1817211
1272862
2272217
1889819
350445
2730864
3352265
4440717
2119031
6455962
9953553
4307175
6633691
2538344
6490762
3922690
1754140
7302471
729200
1207435
3890941
7822414
5875785
2316519
3157004
3816658
27558
2698989
2710509
12516
2519903
2211304
58200
2298088
3102467
398294
2369243
1234484
2835430
2540753
2228797
2389691
2889490
1495796
8198115
2564386
582443
1338389
5876171
9941426
74469
2345176
223677
2365440
2643408
7955540
9884335
1922657
3239626
2662794
1101932
8705029
3399595
8942037
1362814
6556491
1512604
1989020
1988543
2996264
7373745
6592663
3434879
1513879
3988680
6416507
2738477
5173860
1705465
5385725
1177898
2625528
186120
8966545
72847
3305533
2839655
1617264
1317795
7931015
6846958
465327
2295599
2876974
5553823
2502704
6530704
9777130
4839877
4605831
1694930
4414556
1421831
7830224
2515664
6851551
1186866
11015
4289643
1775558
2884222
4147567
1110601
4412014
186265
639246
4117157
6828892
4247479
2623414
8980523
9720360
1682705
668755
1123984
1939999
1543459
4781981
796495
1707128
1376921
134343
1550161
2767669
9244463
6106687
1277100
5601250
1829231
5369360
197078
1139766
8757722
488776
1683486
8874454
350462
5653547
6388810
5120191
2689186
4271641
3633172
1634900
2889966
1758991
4827773
466187
5466795
5790124
1398969
9359489
2686536
1648263
3101044
1956139
8585866
7780943
9601933
1691015
1390415
3891667
2261773
168628
9597845
6693794
1260713
9267986
4758945
8172553
1595028
5194659
1277679
8168860
8749476
2391998
136786
5161325
1450891
1908885
4631778
4253987
1252513
6459322
1719578
3611242
2538861
1440518
3152277
3201040
7770952
1565285
3538543
1257663
1833921
1426200
374333
1208083
2247425
4974076
1864063
620351
273387
1412221
3941710
3928216
8256501
4336648
1677206
373851
6694132
2342523
1296642
3618059
1566767
1502117
110140
2345399
3775550
1766348
3414155
2372816
1437024
450087
3976943
5513100
2812768
2471219
3661356
5521140
7917964
8115182
1179832
1766373
5644865
4577277
1209172
1302593
5442162
2315253
6299430
6510671
834847
1883046
12871
1756779
3328925
1717186
1192740
4317421
1468253
5493464
4514928
2566750
2551359
6558401
3164883
174387
1968414
2530103
3380902
1551321
2119210
115787
6822446
1795151
1433944
118217
5271729
8104605
1520067
240285
819995
2612691
7891285
1440370
3801217
1392699
1396629
3615083
5481489
7699102
2579174
5441201
1629418
2619608
7441970
4472035
3103571
6937365
1229480
329845
850875
7944246
1549061
3135786
3779363
3465774
222299
1905428
9596287
6263226
7981710
69007
3857161
7751515
3717974
1952597
9569132
7110464
1397493
4779614
5950217
2512600
9377486
2115096
1297165
2565382
3653078
1640841
1696289
8253055
1907514
3886013
2736581
5720013
3494831
6931502
4593403
8547237
1650062
3481836
8392242
1319165
1769346
8198264
2766043
1502521
2443013
7274084
1378508
2297094
3266868
3909190
1285663
8139046
3100074
2256656
7760615
1664302
4867680
1968064
8146898
443469
3942473
6276872
1221316
753735
3806114
3703539
3451376
1139975
3833806
3330538
3312086
8749643
6403768
4933163
1484792
2984969
1161268
6887435
1876736
5234957
6187256
2460549
833745
470568
5730287
1300498
3786717
6420801
1920610
6253160
1803493
1685534
9426633
3961988
1953419
4327514
8670432
1981690
8678592
1463371
2657913
4238624
5143854
5869826
569006
2374875
8794085
8100732
337033
1584363
1735760
5671911
7948952
1117383
7516070
1769557
1165762
3846612
3258932
1777951
1904366
1979671
1158909
3783454
2969983
4351364
1273348
4660126
1830589
1249306
2806274
1728513
1207038
5762041
1685794
4193649
8164968
6440071
1707238
3214725
1377642
1762304
2941081
4684074
1455478
9538643
1323427
3871695
8629621
1612030
2577664
5575883
2575756
3168986
1318289
5526639
3809614
172931
3913735
184190
842567
1125932
1170351
295212
1252264
1107088
1958941
4135509
8138132
5911037
1287936
2680828
3460670
9778479
6632841
5380798
1435821
1520464
145183
3731160
3325840
533664
7237542
4132388
6705690
4105290
2509444
6322544
1112072
2162790
391415
1908727
475025
8359574
1184248
255433
7597418
5121511
5620206
2566323
3684167
1102371
1152944
2984214
5924796
9493090
3875623
1179527
8509806
216652
2491683
1401872
1409117
3665695
2410039
2378033
5104159
2616996
7910426
1709339
9988680
8258348
5453564
1668401
640266
123101
1830877
1582220
1207891
1948398
3589100
1863997
2239365
3173843
3989911
3941433
7470786
1907349
1132686
1776033
5248945
917710
1590021
5695771
3273492
286557
5528782
2670623
4734915
7136779
3999720
1442769
3784273
2543971
3344224
3780797
189940
5715435
1403324
2387752
3270720
1535909
2602756
2313861
7466736
5809330
2114733
6250780
8394726
18251
3830245
1980809
5119603
5894785
8693564
2275307
2174013
9629739
7324249
144978
1935756
2903505
3363945
1290030
6451134
1553106
722294
3344577
6969824
8398143
2211973
387393
3266732
1286612
3781195
1623609
6965864
214364
1741640
5263123
2190356
9806888
7867069
8573597
6628950
4437108
115302
4319886
3420459
5999174
1980180
5866159
1865840
1101509
3727607
2828542
4110835
1180202
7734006
2993463
6219332
4393056
2225524
6948233
1385244
2406174
1211797
2231508
5590364
393703
1855003
8383713
2641953
6170589
6129858
2536647
2333114
6835467
1129907
2535279
6288579
1577990
131246
1760573
3206735
1230071
1395350
2704254
2116811
3189596
9943979
6864945
2735051
3794592
5687438
4379310
1726183
2228981
2400622
8984401
1420625
5645495
4329649
8442862
266501
156444
2372682
9334742
5369979
6274512
1205336
7234989
5955462
2478457
5676746
8758414
1629659
1828200
2576590
2861516
6840088
9189502
4178422
7613828
4160274
8610923
6989655
7826211
337307
1721292
2152739
2517770
4395411
3375025
2814029
9491613
2772874
2540275
8165731
287628
4709133
264621
4327649
7246319
369262
472079
