1539083
4616199
6398758
3319843
2780749
8190671
1872699
188640
3398626
2405719
4456441
7206019
1599200
421442
183990
1474868
5177368
8368779
368621
2610914
2661006
6368918
6109825
5904825
1720335
1185425
8487993
2814094
3380538
2815312
9509480
2852998
1248839
9958304
1140447
1479150
6987266
116168
5202722
1443970
6911862
7213601
226162
2155346
4399107
2995751
37790
719526
5619957
4504116
3812255
4568291
8390293
2198612
1825684
1418599
6572050
1921782
3368185
1439430
7311879
1129858
5814957
3413815
271697
2844490
2200161
3240744
2705979
1100292
1129825
7390405
6633748
1884887
4980694
4767549
9805944
1411373
2907230
1506519
1793398
9762432
7182285
2727495
2396453
4149740
3234789
2134388
1746627
6441265
2307169
1228543
1575148
1942077
8612939
9775723
8447469
6102414
265474
1532369
671171
5932500
8472996
35015
1908753
1889152
8367865
1138061
2515870
4445357
2498431
3635545
412810
6602693
2772236
3847070
4654231
1672408
1971502
1823213
3291587
4975522
1688782
3793231
4615184
227062
1185273
1517661
164588
2773888
3250108
2186830
7206331
2921185
9384176
2312048
1369648
3295641
2694123
2185340
5253188
1137631
1947888
255362
373254
2104965
7776716
1934808
1658442
1304503
7497637
1259718
5937500
1227767
6300886
7383150
3565441
8967368
1531578
1235429
6881333
257123
3674429
2933320
1359010
7827931
1692228
6481733
258438
1991492
5332797
2101025
4160977
2644636
6672117
1403159
6342003
5537439
152876
2983379
1750497
6879606
1288389
318483
1354954
3600396
13371
5570688
543021
3315721
3263268
5252666
11834
1797277
1210763
8304503
7548569
1923363
8266689
4727157
3257612
4455774
1123037
4319169
912359
1664078
1625524
4768700
1686693
6626016
1781014
4127338
3890967
1518922
7941201
4915996
2584473
6406207
2606617
3948895
197787
8363927
2963921
7541886
9709782
233970
7663724
8426401
8361273
1699257
1661141
5482046
3390380
4526697
283661
4247651
5974804
2453547
117337
1588595
2604562
1316785
1652582
2298784
1563139
4532378
1237841
3348808
2492761
5924446
3146356
1469362
1193436
7402634
1267917
1767141
2325116
2581934
8655700
5263376
9419858
3263937
2321554
4139114
1393247
2552849
5221812
3417732
2843402
9173568
3359810
1243892
17733
2594250
2742713
1969373
288720
2547353
6319910
4398422
2964904
4484546
2863413
1896661
1835042
1310681
1870341
3483381
1144778
1158984
4745350
6992579
2952093
9298202
3993107
1359399
172698
8491137
4807228
1921662
6990000
4220058
9624404
1163456
198001
6676847
1147089
5143184
613725
5723750
270039
1787247
6580846
2338031
1878697
6437922
1948113
4218858
4938459
6943642
8920867
6346011
1331370
1467956
3313234
1829021
1207393
112459
7900558
2675472
22714
7106316
1146972
19797
260776
1844649
1706647
3213189
7511419
1808301
1946997
2892988
187688
3976971
1458325
2556648
3404977
2621803
5419432
5220952
1917663
259232
1211451
212383
1658083
4591972
3686488
4868303
2320795
1829802
1642186
7798108
7471002
1364447
1123417
27849
8716939
1943883
1247571
1114350
4904510
1310086
6791663
3528364
1542588
9363318
6280024
2907518
5366373
7686749
4464880
1496587
157146
1486212
2228179
3284759
5332283
1878381
1395331
5126911
1418193
6164109
361795
1575715
2568863
8456933
1391357
1208884
5801567
8591447
9817685
3612962
3851007
125275
1360840
1228473
4725939
1536777
1450024
2146980
7483305
1905102
7240061
1287142
5955823
148302
3226394
1808020
6992845
2169781
1452232
1874463
7401457
7331985
6324242
7656631
4501248
3739857
8588880
2512830
6462878
1948290
1992958
68104
9644417
5205436
1538414
4456925
2620699
1324175
4167153
3886884
9451032
9322345
4676513
3216105
5239275
9787075
3270331
2311258
1872515
1245301
1886768
2227865
1553521
1648115
1649159
3866918
4651908
7278496
8800797
6950078
3737851
589724
464106
3329813
1617654
1356018
6779699
1583796
1411441
9480428
9266474
1694285
1282640
6405249
2575600
977231
2571840
7709786
1187311
4506298
2266364
2269754
2313404
2955347
2847769
4524614
4838363
1224359
1997400
2437782
1994474
1909663
4519263
2976204
5136929
7912280
6696548
1191386
3384229
5120262
3517249
3198261
1491572
1705850
3935461
1211025
4908459
2579415
2335929
1387684
5360648
8989408
9785212
1369580
3576636
4925588
8670292
514875
1110765
3850736
1824832
7833339
6391438
9832302
6390838
1986094
851757
6819885
2660773
5839476
1584816
3338916
6899335
1499472
3226062
5729179
7526027
9255499
8593118
1527788
1619679
5596029
4837415
267424
2982615
1924172
2399011
6232587
5411898
1688078
4973462
7273994
1115343
2930133
2203848
1421022
6545088
4567442
3675849
2583322
2970315
3959904
5846851
1126145
5527011
1794965
2475913
960362
4383893
2368587
1591835
1140973
2276430
9187692
1473237
3279994
3281630
4465294
9271606
1100008
7384481
7483266
8320579
4165703
1392382
2457245
2472826
2186385
9102872
7192482
6971857
7734600
9332303
3759151
7649370
5482815
1163566
2248310
1398210
8720566
2793142
4808114
2318412
1176983
5527735
9635237
4853367
1606415
425877
8158847
7194168
5986296
675490
7696822
6390506
261909
4610772
1727284
1982999
6613801
2247854
6467629
2107917
2956959
1751258
5265994
380686
5303285
8852515
1857954
1708247
3285646
1732549
3970739
1755842
569273
9289624
8516454
3363428
8720452
1174540
2684915
1240930
9420525
2259793
1268161
2921351
3678864
2521404
5813758
6829711
4591848
4590878
1142115
4315784
1216750
5601039
174019
1871242
178131
254691
7411473
9556124
1937458
2191850
6502501
2682727
1275028
6433034
4933392
841206
6694932
1110372
2761485
1350006
1920755
183567
7171147
4427097
3820496
1184801
7119236
5108271
4197785
2202443
1246818
5765593
3577946
3940582
3127185
1301473
2602844
7285567
5873041
547174
154212
2124541
140126
3520231
2159826
3527668
4517889
4389671
6696993
4291016
4353422
2143000
3684550
5529167
8766273
7577673
6334146
4345269
1199567
2241131
2172869
1349679
2931253
924134
141455
2433003
2291719
1390306
2774350
184025
5493435
1388070
1126661
3304808
6952982
269076
3640041
4142661
6223887
8481843
5907321
3315254
1460099
5889398
3907119
1551254
4796075
5916091
2469043
1192026
689838
1690888
9722440
1124619
2358952
1505661
218197
7859725
1284818
2147654
1499753
2739381
2745772
2322244
6321770
6290582
9966632
7323092
211490
2591296
3139059
2664446
3984870
4592089
1437447
9441538
1649169
5917283
7366130
6318143
3914039
2578760
1388161
135923
541364
1182252
1623066
3737387
6691780
2962942
1702428
4999797
5873696
4496046
9881438
1566934
1483181
1275977
3275649
1795369
735403
1532628
7687059
2102733
6819511
3824884
2706667
1414510
1780952
1154286
2772137
2477258
3498110
9767894
246962
2627744
7329639
7491832
1782835
2538606
2406519
3215820
5823779
7408487
8799447
8541607
2839697
4659871
1833913
4405814
3450046
2479032
3646097
1459847
1270588
4198098
133204
1688942
9333830
1705728
3548735
1344737
2837292
137506
1239106
1427493
1145575
1858918
8843823
4526140
3210633
2637299
3627519
4721232
8842020
1645662
2120814
1421399
9893264
9815109
871081
5707961
3165104
2140199
7608889
160967
2998470
1174949
2868154
3818226
88247
859593
2167358
9777958
3132416
7228526
2146647
7912387
2653780
2921353
1646957
3509418
1937259
1533525
8370987
1950567
1144444
4482630
2249913
1905532
1837895
4895027
8624187
8377253
4681244
1715587
4988957
1974946
9822597
1591972
4209721
2873853
8925586
110117
7265278
1233166
1448917
6554375
1570417
5364365
2674527
7881190
2858432
3147506
2420345
3135142
673450
3763958
3563351
1390138
3426657
1960083
3904353
1687127
2253449
2793828
8588685
1522362
4352304
9757313
8805442
7457832
178872
588930
3252859
3453877
3282078
1946902
3257404
1687367
1125783
3707504
438484
2128123
6615602
6670721
6794603
9333496
3503037
1851612
3771733
6760603
4172194
2303009
2897256
4846300
6554973
6731275
3155884
1424526
5782387
3476467
1708503
9996920
3498455
976201
2889650
5602411
4940935
1743852
7953599
975886
2197812
8460822
8227048
3558481
2951032
5911779
5912829
2795979
2486812
3417174
8464205
624275
1560688
3307491
5879320
7871761
8852728
8119180
724479
1592507
3249749
3218955
7279366
3267931
1220054
1726782
4968484
4858562
2396081
7177420
1732462
2424824
1364315
1206589
7714967
1536625
3628457
4427972
1943513
6646471
6344942
1182376
2410690
2654613
1653593
4336866
1823111
2498334
2503139
2453641
5477313
1125691
6746649
1678793
6485004
2254652
2321297
3948936
1707040
5158384
198559
2610406
5453423
1704077
1914853
7106041
434926
8235876
3989453
898721
2924553
2112796
1633533
7128785
7380506
5352569
4650211
7866032
1990639
2365918
3796596
5184532
1666020
6568237
6625612
2263282
3737186
2411984
2629445
4977511
4718435
4876252
9201041
3232545
3193891
7540224
3542956
6440214
8931813
137913
139323
4175593
4247782
2244313
4232367
926100
6225990
3750909
3301747
9734664
7724584
3329691
4791268
1530209
9959911
6842566
3845194
1798163
8700859
1751154
1612722
2390626
1506433
1773326
2472913
1656963
1897761
1834815
512942
3657303
8158585
1957881
3234432
8565349
5774725
9942523
2696705
7224438
3692376
2955712
7267375
3567959
1523245
2860988
2611409
5770914
8672911
1824095
1386779
1646863
4628693
3129169
3513663
3142926
4171067
135575
356292
6394814
8730467
1247257
2979892
2213347
4233420
5350182
1348694
6962807
9605430
562365
5383783
5304663
1237121
3192678
6629832
8828305
9976449
6852873
4297180
3726788
8911909
1169790
5124270
7538328
1718095
3834277
1138496
2558909
1227212
1165585
4564224
4168369
6170836
1518314
1919597
1948362
1852346
3218697
3651841
119719
3668645
9775816
6584290
1918853
9311930
1460250
1431989
7698468
7149781
2662632
4880741
1824803
1374938
8447647
1736250
5385562
4364312
1430203
590440
1755169
1751941
1817233
2998622
1145710
2150185
6525504
1951796
1242946
3913181
1350425
3568132
5256585
7422170
1314079
1102434
8396251
6761864
4921509
3163871
1301034
2373222
2226393
1468459
213459
2641324
7766669
4494865
4627987
1309226
151614
1199375
9982996
9902129
8798132
1458818
2671461
5470270
1510535
6763467
1423059
167065
1735737
3903601
312445
1561396
2191683
721725
1193434
315197
4428026
2464543
3907626
5121368
8463354
5848150
4299367
1345839
473991
8496971
4726030
2462972
1568137
7342665
2916379
664448
2749682
3612503
199280
3521460
1529383
2148930
2393609
3961557
5967142
1875384
1304331
2414489
7596229
9546972
5434492
1289439
1556259
1335274
4667822
1953198
2880952
1107817
1259502
2223639
9495480
4764471
4130826
1380345
6213001
1496802
1462163
9809581
6255064
9954674
4788285
5552111
5766006
1377549
3752381
1377198
1738755
6492910
3483067
4129100
9500037
227488
3576515
2437993
5971784
6290722
1781996
1314441
6272588
5123140
5454923
3199801
3716428
1847352
450631
1351123
7561752
6493734
1659448
122619
1239516
6999507
3804347
9143118
8404994
1142546
3484163
273249
1205215
1349059
8221797
4199842
5648293
8737990
1504521
2289265
7928490
1180150
5363912
4873447
1937995
5151243
358193
2463246
2122808
1180983
292247
3244579
3295998
7786839
1104323
4112718
3184810
4134391
3836489
1787312
1145562
4999533
3575267
1117597
3703264
8367906
1552612
5656890
6250849
3329031
7480998
7556304
1147758
6383456
3838560
2596355
173548
2454091
2661738
2870796
1427423
2694098
2739443
1415289
7899781
1592553
1379440
8533141
371831
3839862
2715855
1360540
3374187
7346111
6148259
1834305
1318252
7617257
2556166
6996446
5677261
2828584
5356596
1622046
6871422
1572807
2559055
6838739
1491269
9125968
779119
5198915
1421079
9915432
2355923
2575218
9352055
7991340
2597525
1345824
1526311
2928159
4802116
8345288
212540
1291763
5832529
6111982
9885616
3554146
1172347
5659664
8850607
1886874
5145908
1599745
3192498
6537826
5178048
1115423
1735022
8325681
7679123
4157195
5261395
7798121
6840441
2488850
6554405
1757910
2237230
4582382
1183859
1777000
3368222
1205183
4305809
3489108
7921418
6488719
5896997
98247
1440774
3559352
5367395
178894
1582597
2356728
6553100
5602783
1832262
7818475
982432
6769883
954671
1221803
282753
3565191
2357694
191790
2261405
4909981
554162
4678648
956608
3211527
3175181
8738711
3443071
5253344
2449669
1562404
3110345
1522859
2360018
568205
6795693
9223690
1449480
1766049
6607180
3256824
810522
165338
9672832
1706974
1519484
2428966
192930
5633914
2946893
3350695
3849201
3731395
8469277
1814357
2866101
1857250
7179126
1519276
8413590
2383937
263216
2409841
6513192
4495752
2103926
1519537
2755926
341581
8210341
3800695
7776688
4693087
853761
2691006
7900145
1463008
1306169
8142736
6164947
1274622
873164
1417118
2214113
2883499
916209
165312
9997036
5200854
2204036
2685812
9260538
8747819
2390207
1528203
9377727
359051
2487428
4302060
3973889
4526263
1952354
499159
2326605
7195394
1290763
2679805
68927
7962629
1835349
5289749
4387378
1470599
2748557
3947617
8388677
397116
3777894
6199549
8124870
5806576
7438366
1474800
8907652
3647418
8538090
8670395
9578753
3630671
2669761
1384692
1408446
1252952
737602
2360576
173269
1557800
8129053
1635049
5869776
2320439
3980327
6624858
1740194
253078
8434328
3841317
1584547
550769
1159647
7358406
1161728
1166677
2238383
2619985
2453465
1473616
1486104
2379155
5107672
848285
6706758
8456268
170306
6554956
7540543
2508199
3739050
8909521
2667452
4428903
1680199
3900557
2230847
4982374
6179831
8959268
2513885
3952682
123335
7404100
1711895
619971
2474514
2164232
1734088
1418558
164300
2277077
3376192
4500952
598340
1610902
514447
2731669
2307879
2641167
2460465
1451942
1233429
3710834
1375673
1652539
4579906
7583752
3495795
2734567
1342866
1976743
1168219
6722204
1129996
2862471
2670514
1440621
2545014
9570361
9888100
1246146
3779732
8751542
1689697
1779189
377703
4867964
2174905
3415432
7367286
412305
3163010
3308650
1950484
1173235
8105486
1946783
7830614
8499669
9610562
6924670
5466482
2523451
8445036
8162725
186053
120782
1552049
1886696
5200569
23814
4391355
5506970
1234057
3771236
130810
4112415
1823009
3730308
5604089
8990500
6266638
936259
3370112
7916021
4133691
2984264
1911456
3421763
9640282
7704842
2410534
2883821
6941546
7877309
2166173
2412775
1187266
8160357
5918552
226177
2535835
4438562
1887203
3279295
2610384
4526385
8415007
3458192
1888906
36779
1740027
5173272
1206939
1698028
1727486
5717847
4849543
4679634
1997074
1244576
1563010
2211276
3255107
7889904
171674
7873797
1968794
1728410
2751636
2215295
1522186
2481199
2684348
6295722
1251741
6128440
1805716
7933194
7722750
2891997
2989929
4795156
3731492
1745439
3221679
2409896
2204021
2352571
2135196
1861242
1473410
1853356
1255973
1777172
1296888
2314549
1816032
7868056
5660888
2932947
1959093
9827977
9867943
152950
8412684
2971119
1890070
4879389
2620993
1930122
5207032
261596
1218661
8744907
4260632
4507833
955611
1520621
1137342
2620231
1887342
7736280
2131228
1571509
9424575
1101330
3601622
2984923
1118163
349709
1234656
1942690
2140749
1565547
5942618
5931050
1685419
1979151
4684606
1375824
2975974
9914311
1144053
221310
1723577
8316705
5866800
5144787
192375
3993501
440261
1879770
5410579
846547
6584872
3642749
4615048
5557204
264714
1239003
1634474
6684559
1877612
1158314
1638288
1465473
1471108
1506298
5263484
1721736
1180571
3811427
2605999
8445314
1199429
2841479
1385749
1923823
6672307
6573706
393885
1595457
4978697
3127625
5120325
1805669
4161823
1980173
1657886
3739204
1951845
2839965
6119990
8700501
3948023
3734971
2800506
1601664
1510807
4158742
5922949
2975699
3810838
1551611
1253095
3772112
1119631
5164200
3441028
8437506
6775083
1811538
4630539
1367025
3145171
178664
2620237
1102622
2896254
3716616
2854997
4333250
5605549
7923456
2725207
1796605
4519135
4732476
2555299
1533222
1884208
229547
130569
1340036
3954390
2203717
1922881
3774416
9246895
1893650
1864899
5199115
2114257
1911646
7452761
3213643
2344204
1618504
2835790
1570188
5912106
255623
4371914
6968784
269359
4222535
4874342
2947496
1903448
9581696
1982203
558528
2104616
338021
3123379
1999430
3975987
1820030
4529464
4213840
634076
1688497
2938171
2849263
51885
1972512
9579241
3507851
5731446
7675200
4925841
2483808
2856890
4935030
9696144
1486846
1362753
472834
980211
1938381
3545354
1543474
8327268
5274679
9674941
6777358
3960160
5359851
2329285
2615592
3282114
4416850
8497525
2305006
2349618
4304973
1668041
8293222
7153793
7258664
871703
7315904
4121342
2530905
4991301
9606154
1644996
5354713
657666
6567526
1554793
1613726
3759562
4917730
2823629
4979659
1648486
2821626
4868207
1277855
8158128
118783
2300340
7975641
32556
1403542
7711702
5686449
1383209
3706999
5580526
1672442
6763894
4669663
1401066
7316366
6242723
1765880
3357720
2454561
3654279
8200181
1133177
9145715
172392
3109805
7958081
1540933
2922602
9728733
8117768
3552168
142286
5575054
175335
1227803
8784300
1956222
1922891
9235513
4828174
640543
1352242
5192718
7764878
9263608
7709425
1255434
722701
1211351
431143
3331729
8864615
1338401
9671638
1125705
1521611
1310987
1115033
6323942
2590178
1292689
8135061
277305
6103678
6847449
1644390
4163830
1994007
2276977
1892930
2372996
1749890
1368357
176104
6647790
2488964
7746291
289974
6708622
1604771
1783422
1822151
4158175
2397108
1713826
9645965
2589580
1936299
1380018
4303988
2506398
3864322
4106068
1813732
3982861
3202299
4619253
1685113
1187341
7623588
8150974
1299852
2554871
3983803
2434081
1549188
5790275
719027
1299891
3949728
2683057
2572017
6835544
2428112
8459664
2868574
389234
4446133
6556243
6977487
9308933
571736
1821070
1809600
3414807
1182743
1435607
8216149
7267221
8430847
6151817
1938204
1691974
7102770
1443032
750318
1450247
2556310
647833
7697765
4731823
4315624
2795373
5875566
7793131
5962329
6845031
8167171
6967405
2570773
5311282
1862137
5495871
5313160
2913909
6152562
9265577
3772212
1660327
2271012
3494667
6793427
1400150
1919502
219564
9116466
4951246
1742748
1208758
1173356
1949064
1936539
8227086
850733
1414420
4608034
1334590
7657819
3176540
3813077
9151120
6786097
939834
1261234
1806777
9413294
8856411
9823937
2817957
227508
9364848
2536384
9233160
5790136
1801951
7561241
5910732
1678502
48453
1243840
2120662
3939098
1907699
4528175
9237403
6576159
2425330
5364443
2500099
2256809
4346443
2412200
4172644
1970107
2915801
6863105
2307079
1580306
1991749
2177524
2296344
3505645
1734284
1493796
1546527
274170
5810016
3225047
8710769
8430953
213663
1622454
2733114
2848658
3376162
3647031
1266601
2713384
2751484
1702687
9487663
1501935
7157081
7201844
2501519
3926826
2659115
411092
997784
1804407
2502468
1170934
2449978
7838927
7943906
146781
2807766
1222846
839492
2498766
5576180
9735992
118677
4663677
244651
6172168
2742361
8826422
1715309
8857010
5475362
6515922
2706898
5347400
1118345
3329028
8208631
46045
1873107
6840091
9218659
1865768
3772207
6486874
2233231
5997779
2165485
1726644
9772372
4718752
166532
5962979
1219097
1526966
1944372
1859168
3284047
3978589
4168428
5388662
1793683
515555
4789859
6300632
1275407
5726276
4983058
4549499
2973282
5514392
2467671
8350714
8508602
321695
1557901
2713415
2351232
148148
4347271
1281235
1272489
5778601
546380
9934969
6757336
2675394
1263531
2610962
2414953
2247446
4547112
4477664
2293729
4946244
2242231
3325265
1514930
1601008
15461
4746854
8180689
4971283
8821018
3908911
2697361
1915448
6232911
8532869
670923
2824982
1937267
7868751
1771789
1254507
570053
1930675
4561363
1336138
3851521
3207539
631192
3517142
3167933
9314590
2109688
152330
3842934
1310075
2127040
152346
3474588
2613438
4995732
5183462
3961173
7434727
275019
6687265
5782883
4293278
6671907
3978620
1949282
1936335
9425710
3280651
1503292
621899
7168710
1876950
1182056
8546349
1368681
1538224
3513299
183448
8335735
2237735
1509984
1297880
4752619
3912857
4398616
8290604
3538704
8214098
2711566
2263970
613667
2827255
2390604
1712446
5300974
6376354
7876786
1191848
3990804
1654410
4130371
2734354
140285
2420241
7654855
1218860
160176
8690913
6470160
2170202
1300920
5200538
1671223
2282410
1128887
1451511
1782248
1934288
5178022
2829773
1937046
1345582
3743103
2348603
9445172
3300912
4789115
2591538
319485
738935
4651401
5889355
7490403
3429287
4428883
4421466
1289378
6156070
5256625
4303873
533337
9198359
3855739
3421450
2488775
2319335
1331794
1588407
6817070
42596
1958272
1173004
1214086
2307479
9320676
1917819
1936609
6324135
5777432
1315364
2398934
28811
6672718
3829203
2566588
3960651
9240139
1724089
1270337
1995347
2223805
9337013
5730248
2613319
1626392
1610118
4627662
8429537
199834
2528611
8410428
8717527
6671823
6695784
1539434
2683911
3490292
3159226
1966270
7457690
1585289
8653137
1899203
4301718
1525492
3565882
7892102
6229264
1858144
6604869
1663760
3148132
2490672
2653808
1204843
3212628
5281841
1416679
9280577
827582
5988221
1501771
3757605
1355694
8877307
4543551
1431996
1321368
3317422
5428100
259486
5338298
3602563
9747941
1702819
5628852
1505017
1156830
3335556
3931295
1225808
4844644
1436449
1772566
1959559
421424
1585049
247437
7243472
5837687
4854389
1843367
4140968
2877278
812548
1659598
1169822
3881420
283862
2322003
243787
1860533
584780
2171906
1935956
1883047
1454628
1256487
4471784
7628989
1473455
141875
6530768
1512371
651315
692562
7152911
1980530
6356322
7463261
7180250
8527712
1983365
4572840
9628864
2725301
2718435
3642053
1948378
1243638
1960545
1663282
5195145
3176389
458290
6677202
7173441
2639
3104914
1719726
1376011
7293473
5846183
2197470
1993581
8837239
4264058
3372447
2586135
2158505
7741278
8357304
3963497
8562615
5103155
4325891
5243173
5889990
7116719
2434103
1104194
2346894
1786062
2726769
1206050
6365387
1506955
1971336
9827674
1202405
4129703
8851202
3942538
7422145
7137250
3965114
1676126
5376225
8154489
2722008
1883298
4620342
1413531
4814039
6448598
1561455
3686547
1973055
4580402
2939834
1318963
1266159
5200215
1646708
3617122
5588870
1260329
6158302
1664255
231268
2960287
1871387
6373458
4735696
5132488
1310548
5136605
153817
3807363
5751158
5390462
3826103
2921741
3254974
218616
1475553
5212651
293863
7905349
1272394
1473956
1854306
73340
4129070
1450688
8245154
2762439
1281112
3867316
2735508
1268265
1831460
7614530
1785621
2795684
235780
4445711
6127825
5352991
3151220
1902841
5827294
1715298
2410643
1160754
483012
8182329
4157300
3325252
1696505
7510173
4712577
7919158
1938553
1975033
9650943
3137336
171353
2293494
377294
2484095
1468090
7391728
5727400
2350672
1123455
8977820
2400957
2873786
6795609
7532853
5437754
1466027
3656718
4920545
3381530
1808500
7538692
330681
3156691
416888
110912
5851248
4326042
4538849
1125453
8872136
1868318
7141142
2719416
7340407
5545935
1802047
2460758
5403104
4854570
2832606
4762716
9770098
4987254
1284537
4878937
1294963
8947636
2673006
1847481
9676587
714140
4621599
1350917
6657057
1887430
1627221
1842258
3696927
1698097
2873456
1990077
1901398
1322236
1970889
3177386
4944246
1545657
1877669
27666
7268711
2191587
1568141
2989700
1408502
3720692
1981807
6375840
6115001
3788670
2919092
1272100
4663496
4573432
4224446
1448596
6443383
1286589
853913
1140364
3635650
2783596
6949720
4875992
8699605
442923
3284022
2345887
1139344
9855227
3664458
5827455
1830667
4190346
7978665
8891426
2459453
4216805
5854858
1352953
1476633
2756858
5995399
5435574
2700897
2488062
1429202
1431634
5809446
328410
2553507
2348874
2467954
4524789
1240993
316579
1822768
3243391
1295511
6874527
5226834
4892191
5340251
4499688
2229841
2610277
1928767
8113725
5549079
1968319
2891697
1878049
6517466
1806773
8771130
2678118
3741484
7576470
1298311
3626180
1139738
1113789
2657045
1450864
4449395
2696293
2599505
3144707
1786267
2650382
1185534
6500410
810985
2269729
1960755
8295264
3870945
2539842
249020
1947277
1461595
1519595
1432477
2378607
5808124
6800998
1711465
2355637
4187673
2948104
7573781
93931
1740478
1839490
7640577
4923861
296922
7517706
7638979
4607290
1491260
4791147
1448587
4601876
2634409
2540538
2671729
9604999
7664819
1529422
7787202
224897
1574944
3512546
6753530
1604812
146526
6188520
1537824
4482593
7258783
8879404
9816346
9786135
4516624
4203844
9612791
8945204
6510372
6248384
3695574
4249439
4506842
4981630
1540464
2974339
47376
2191478
2741750
3441282
1526525
112063
7145039
4476012
8140678
9931426
516026
1491674
951226
5176134
1609128
1716597
5398542
1478402
1856511
192106
3384675
2422296
8183952
2596550
9176849
195354
1418334
1726492
1437657
3727110
1149530
5705288
5903462
1273769
1637873
5835985
1539364
3204681
7864117
8985892
9812498
9802714
2877674
6569742
2347971
1415444
39299
4504231
1462506
3770508
1257828
6231234
9884219
1861156
4783745
525783
5299793
6665276
5685994
531993
8160592
5393758
1972534
4189144
1160611
2533381
5954378
4242245
3785798
8687164
1108090
887671
1474637
4315171
4333684
9754422
789874
2599074
2506038
5572029
2242120
1438144
8624873
7330773
1325977
1354315
2709452
1597565
2956670
1153777
167876
2465664
3851337
1262713
1321388
949557
6787932
8285891
4584876
3201666
6428753
5484941
2713924
2867238
736110
7419942
1346663
2146637
2862281
3695767
6460980
2509307
4137971
15404
7378069
5410607
1648753
6416180
571071
3367412
563448
1270296
1420166
3112606
1701231
1449102
4314463
460935
3168831
19493
2582819
1931220
5309414
2916137
2241149
2231909
7252917
2963991
5351819
311838
997154
69960
1801783
2755678
178194
6349573
1334817
1133158
5432167
7673920
4848661
6615242
1527751
6218745
4150317
2437887
1172491
1247644
6229423
2571008
160799
1758941
4233603
611087
2756553
2865235
8383850
3854555
7435786
5529961
1471856
2748986
1327275
1644479
7432590
4678431
6139038
3690452
8655454
299888
4143518
1585020
2995651
2328717
4895875
298556
1556167
1650603
1644462
9556976
1510844
1103575
1483892
6269151
4279503
1753006
1568517
6746970
2965233
2131926
1475590
469314
3407962
638470
8846022
1570284
3919652
4306125
2347860
3837476
2846033
2937034
1151592
9370815
8897632
6440139
7269112
9549973
168356
1448953
3401871
6346871
3443047
6424535
4343395
1665370
6787604
4681607
697085
2889321
7209036
2230480
1599053
3332276
7501539
2961721
2932944
2164321
9904302
1245334
1654433
9100547
2941411
1891803
5840183
3636001
1293762
4324987
8137379
187241
3793686
4320790
2122907
18176
1518741
2537119
2512362
959984
3282265
4321569
1536878
4444664
554279
2978393
1531102
2749696
6419790
525741
4976021
4116441
2628513
4916621
7425306
2209592
1119230
9638323
1146075
4884454
3341212
1426771
2733424
428113
2999395
752646
1243163
213298
6717585
6896289
4410674
1847227
2958835
1234393
1239622
5218613
5415895
3722400
2857275
4345937
1249985
2755118
6228730
4278201
6972483
1347741
5821195
4812475
8888563
4548860
1442222
4124700
2187207
1249916
2192444
4460419
4290960
2866043
6993963
8897184
6462908
994244
3874722
483311
1409468
4674140
1851010
166921
1430259
9566626
5977052
1587393
2282231
6456291
3109962
8109764
27030
9259428
5603247
3444948
1734338
2488219
9149774
5576842
9733481
646634
9940539
3313495
119432
3498413
3973574
7260806
494751
1212067
2139030
3619895
147543
1564736
7367158
190602
6695952
1328032
1277644
4719854
8759481
1618198
3877212
5631265
1865644
7329863
1393535
1477674
3344782
4926642
1390702
1887062
1514855
461003
5543382
1915235
4793285
1840920
8549649
2377457
2444980
1220183
3886200
1509432
6950939
1870196
1619214
7435530
2458311
1128613
3756080
2727032
296847
9476272
5993933
8942602
3450933
6950195
1432402
7244496
3151503
2360549
3956629
1244359
1477811
6395895
2272529
4126505
1925947
1849292
1266870
1690162
447482
1710806
2429655
9742047
4739922
1656760
9128185
1528390
3567222
4388618
2752964
3627061
1410446
1403726
3615496
8204023
1829777
7384609
6790318
2463565
6442253
198731
4288321
4673523
1275319
1767610
6548021
2625518
6171502
4403161
6380052
2628537
1659520
6341138
3767498
2893305
4495663
1839893
3961423
183285
9237192
5273704
5259725
7954933
5162265
3623000
1797947
2951462
2855248
9466712
4518538
4162265
7401184
4764734
128704
1944828
1627171
3557202
9342830
3254667
1696057
1981834
4492890
176945
3981144
3450199
4185372
6166757
2541463
4339270
2751376
1871556
1545954
2704564
1290513
9426449
1637423
1422267
6453609
3670069
4526229
2857927
5167148
2137831
1818582
1258425
5891886
438869
9546599
3388182
4796358
3832316
73451
3271067
2991374
9691550
4867178
6643310
9163124
275705
4593463
4423679
2315780
9416188
2724566
3605472
1919944
276877
4216493
1506402
4711837
2612080
3717239
2858835
7941091
3728547
1752348
2282281
1535266
1201969
2867597
6879266
1917102
4311401
4790706
8641499
1209286
1916585
4709108
2935763
688041
5277467
4916395
3239464
744030
1391629
5688453
4990001
1958292
3994186
1492476
1833112
1239221
1621467
5927573
3106970
2714851
4716918
699874
2564174
267890
7543421
2274458
8593993
2730517
8508741
4712725
6353389
1870126
1856069
1886954
1686791
1884494
4987409
4212150
1337750
1974894
9403586
4794030
1780769
3761138
4989301
3382457
9718995
2942486
4151441
3331280
8364601
3247519
3547258
2584689
1220828
8982312
1509109
1457950
1870345
380408
1724713
197923
1455314
1145722
6665084
1771013
5711895
4580332
233957
4672777
128718
1934446
1597481
2804132
9845582
1169655
2809724
283312
8402132
2401302
2687317
24619
3867805
9629932
2351597
6500979
1425968
4986382
9898542
6441026
3835446
4272694
3496015
1160585
1600508
5949487
2570274
166496
446032
2789043
1130934
3779551
37554
2291907
3973825
125126
7502287
6143654
5177148
4645295
1764413
417867
2667027
4886447
5230873
7935157
442371
2778177
1880025
1892597
5438199
5263069
5249024
1424758
2487155
1116189
145975
1759125
1352286
1933505
1635709
4490256
3472971
9609095
1162299
1828905
2878148
1420189
4395417
323710
2428839
5351514
7253195
1485215
1826783
4799714
2654542
9242587
1448203
4599118
244984
1497812
1336241
2162534
1865170
310275
1853755
4196518
2667301
1637354
7933172
336193
1142059
6850240
1828403
8339843
2277868
1795459
9548576
7248591
218070
5428695
7592983
9526625
4828072
8518902
4942674
1140521
991708
2155335
1762181
5901147
1206294
1837340
5436941
6113221
8891412
1520463
6631898
1253157
2609690
654620
7101223
7840999
1300930
7672457
2924442
3686855
7484604
9507229
2259612
1898918
256940
3137729
4193405
8837387
923316
564266
2391881
1390800
1803624
5271220
1351428
1244374
1300643
5122842
2509628
1705418
9668058
1889517
8283215
1678764
380588
3289143
2824577
1575320
9651399
1672894
4917061
8655662
6401858
1387712
4290192
4857257
3992628
8298707
8707925
2227812
2359130
1411600
1606330
793016
4681057
2879721
1679217
2375981
2774322
4481696
8200441
5238885
1897362
772492
3360104
5522480
7840265
1506530
6328118
1396514
2470929
1416489
2997621
1863311
2491545
3831506
9819321
2798101
1389439
8728769
1729308
4993225
1981085
7931043
4146302
1670112
1336099
2830023
2801269
1973012
6386277
7766754
237509
3450857
3811963
2612525
3917256
3589643
9754221
1653073
4932310
6386510
3720093
7758408
1794596
154853
9949203
5228101
293167
9338834
850830
1389553
477344
4138556
1721900
2849257
6282598
1604706
9779233
2911819
3728048
5894971
8110274
2971951
7952123
6869079
6141557
1926483
2426856
2728497
290721
9472189
1749935
6575713
2716026
1156478
8652898
1313685
9932137
5365917
8477315
8481019
2104395
1209600
6567900
5162195
4560711
1730293
2402732
1620937
3140730
1385478
7862997
1910777
1232949
9103083
2334202
5508627
3603695
1722806
4182692
2940508
1343756
1492342
4800337
2462045
9377987
1955629
7340532
1994107
1148782
1593643
2629563
1661120
4816041
2398382
5683492
4494818
7799206
5585191
4133756
3903290
153528
5533405
1991514
1966541
3192071
7330674
9729202
6444140
11880
1352026
4964088
2159349
3886543
1852713
8464444
2631346
1110086
8165045
1457769
2376128
7775275
2441334
1432254
6664676
1166266
9197038
7448407
2587693
1123057
7470136
5589657
2901520
4282951
1285181
4362096
6756400
2340016
3802728
2518246
2384733
9563786
620937
8852717
1164629
1356873
1237674
6226302
2928091
3890324
3580874
4707131
1525631
2672252
8321946
1804503
4604430
1885899
1926564
1512864
2207228
2695272
1669778
3491601
124837
9850723
2821462
1920046
1545146
5819193
1538890
2655468
4183617
1186150
1573611
123285
2369717
4169854
6525669
7276451
4667168
1714351
1390317
562339
2368185
858541
9563294
245322
6415749
2752583
5296284
7169699
2777509
2859881
1350968
2950187
1647781
1164366
7683987
1275730
6651822
3949603
663089
1580900
3869896
1328701
3964439
2925026
3951963
18403
4237011
2385071
2463793
4511725
7260149
2360028
7139933
3923985
1396374
1975543
2666495
1589912
2840273
2575957
5562795
2221072
6561645
4913934
5301097
1702307
5215201
1828832
950609
1965317
4530665
5741088
1392833
1588823
1188799
2992313
1451268
1808372
6470280
1432930
281357
3358111
4495004
4122913
5795214
1412697
1142158
395320
3888446
1854843
5308431
3100558
1872565
5377967
5793408
3664741
5398917
2819926
4281206
122540
9226505
6644952
1426438
1303223
1662470
1270331
4680009
1645585
1618839
4412351
2525800
1129644
7735181
3293414
4309950
8108962
1305042
2891459
1286635
1341856
1807571
1241228
5146446
1698955
3941179
3552391
6351996
6544338
6114336
4990167
8465454
3420644
4233128
637618
3584822
8839494
7506110
1428895
282132
311543
6878374
8255764
7348935
534466
7797226
7971692
4366405
8989403
7185402
2266276
1937522
1740748
8461388
6594818
1139931
6323832
2618442
510743
1822983
8852850
7730784
3452965
3630001
3291863
331927
1430492
5325006
1365014
3661386
2486603
1147260
2688698
3791325
381796
2249829
130912
1660399
1111545
1287745
8509034
1762623
2634954
3399272
4315128
7734803
8981052
4478469
324050
3133869
888458
5259725
3956981
237612
1242556
173149
8450675
1530785
8642705
3797920
1702314
2339268
222145
2692670
7141709
2311966
228315
1269741
9630122
4908906
1610099
4713380
1229970
3721467
196200
2608689
1464114
6727522
5488219
2664217
3985058
14932
1531516
6202380
1623507
1988998
6249250
2402079
3993131
3317950
7234157
1708272
1438994
5256887
8861020
8437627
4849189
725451
7896093
3715950
2179665
1749677
9800560
4897109
1606311
3552944
2192357
5191780
1717749
1549405
3446972
7985830
7326009
4701129
6160388
1575398
2363709
3404253
1249728
155007
6399770
1979217
4614682
3855538
4581289
5282416
2172305
1919531
2500443
2602628
1129809
5498390
1889114
1641343
7538735
6996856
5410766
2578110
8749920
5549929
1872637
7300335
1538438
1590440
1590929
273004
5415554
1778546
6835059
783349
9778745
6193820
4253033
1803432
24333
684297
1322442
5137927
6853226
2517198
3792381
1941408
3642442
9608905
1852009
1106481
1958567
6735118
8404771
8520091
7968267
3414518
4622589
8151837
8105414
1857437
350605
423419
399927
1320407
8358306
371300
4873337
3345086
2823276
5655834
2102414
7917932
7896512
435139
2841609
7980308
4151478
4886811
17886
9966712
4607147
1796089
2708028
235575
4178041
2598702
3887953
3802508
5227824
9805812
1239528
1107146
1261213
3305182
7844012
1654038
9932683
1304843
4223713
2171942
4947266
192509
8674196
73654
8976214
1384795
9885580
1912759
1326072
3971007
1374145
7643564
7592715
9260328
5628902
6165788
9826451
8106713
1270564
1612987
3689939
2643031
6666204
582454
3843895
1525465
1499617
5542588
2902061
8469133
3813819
9561817
8180020
1747031
3139320
6198414
1673530
2343428
1156177
1916674
1502368
9704015
2229763
8107730
7275581
647240
8145963
1152866
4283846
8648080
1460033
1748205
3973378
3499731
4712278
4725610
5530160
1210576
4279139
1917030
4963514
2409602
4822309
3464367
4592848
3656811
262749
1109734
5140353
2781985
3185901
1480146
3518852
3823009
2354881
4973597
8682456
3364031
1414351
353797
2425907
9828564
4815176
2189235
6758806
130125
3244558
780755
2667824
4492462
9365380
1597578
3427943
3617151
4460496
3119988
5307188
1841296
2634288
576533
5991746
8149333
3682687
4415345
8689223
2693027
3773054
5221976
2224209
1818066
1700941
5880372
9644406
7494466
2393889
1522871
5454048
429024
6689991
8382728
397343
4396247
5355786
778586
282650
3435104
4127134
7769335
2500816
9210826
4884898
1134925
6531091
3278868
1642094
6217894
1942125
9686071
1908317
1598839
1490189
7954961
2599899
549952
2401350
8130342
952532
2910606
9814661
1412476
8790741
2202763
5996394
218976
1880459
8720833
4831245
5337018
1635433
2365862
1206140
5942680
550681
164657
9726101
5219833
2855161
2578726
8433034
1729600
8470378
3111989
218512
2595712
1309491
2705152
9822201
4340462
7812318
2948323
6784730
175566
1787727
2323980
2891108
7849211
3758482
8699683
7898330
3309701
2762123
2507559
8779311
8998155
5527763
477936
1736657
1321635
1381152
1192346
1552804
8491771
179572
9838614
5104810
4155862
2538137
1956685
1257054
5758832
3633294
9624764
6838326
2312134
5148008
254428
1384023
3329612
8283519
5262717
9560948
1102614
2326478
1373423
4550981
2105194
1382874
850094
1480274
5160575
5628818
9734324
4311172
2645636
5872929
3719078
6916708
6639000
2394703
9799750
3498274
2255207
1750344
1553715
9295090
1915254
2695409
4358572
1573958
1815349
3670960
1269817
1357314
2888525
7825513
7288254
4691522
1613800
1141607
4537912
772501
983655
3721607
9751417
8348163
2705231
839339
2911157
4682587
1825911
552334
7797359
720185
2262934
1827821
924461
2364573
3687469
2246900
2854742
356373
1338326
6157148
4800003
6274855
7252344
142887
9179525
2777905
4279561
1223308
1868793
243935
3155436
5616245
8215907
194046
7976160
1766377
1903600
3906813
1740732
2601108
8128954
1371514
4344232
2385020
1343897
416080
1978822
7837619
2764368
2453062
5250339
5586519
2339561
1995891
1533752
6124205
5448385
8220317
5304684
44880
1201160
1834214
1881732
1508363
6916149
5755374
5247767
3679183
7964605
5674374
254076
1791139
4743587
1589830
1871647
2779820
8388409
3293358
1499375
13694
3202717
2110003
3134470
3175399
3580099
9337396
1349925
1384981
3891993
8775918
2859007
6913953
3785575
2693309
1507795
1535587
6690046
499044
2989403
5448547
1930658
1924549
9385330
1114385
2745181
1188425
1976328
3646011
4896918
17238
1372271
2181614
3555903
2343947
9614986
332055
4194854
3739981
5133306
2209458
6922817
3935067
365593
1439989
2520383
4517062
1324460
1466353
9504939
1612583
4986125
1848298
3865010
3445300
4153491
7543801
4328020
7263927
3295269
1277934
2467173
2641305
6411841
894213
1864117
1818502
6290061
1555344
1290553
1628945
7788638
9371726
2904754
2686192
6451537
8233489
7668728
2320636
1209057
3812394
5510272
1776070
1920921
6725718
1679850
3991027
1421249
1784431
4756981
6626142
5941038
5326221
3193212
9794288
2819422
477
2181205
1960288
3182195
8215927
5393129
9158658
1171388
240203
1530123
6743121
2989322
3779363
2864535
6622724
2243632
9121391
1205424
1440894
2635596
4698366
1129851
7142011
2589859
1230506
2625105
3245042
1279901
1733807
5750403
275745
6822640
6598535
8452924
3423800
4746612
272419
3772950
2797372
9496660
8326385
7399113
2207602
1351976
7917471
2576993
6576947
1850456
1777019
125247
5166724
9734157
1363909
9453402
4405812
6323359
5928268
1529763
1440802
2994678
6573532
4136382
1334827
6744937
8660124
1485645
4414174
1145634
8637981
1526829
9462807
2599905
1389464
171026
1838452
4166300
2752091
1460705
9252628
3830720
3450099
3828625
2504009
8486330
5531309
2358640
3743956
2410360
3161746
2590904
5243591
3447590
219389
1691676
4633151
1398899
8236633
2413651
2935223
7871532
3769655
8531343
4295665
7361275
2946145
1260039
2222271
1120774
3217618
2682720
3815979
1123196
4673502
7848823
3126140
4775722
1252198
3215564
8169295
2800109
1930646
9359353
2195178
2154050
6650154
1982318
1277489
2297245
5969125
1923641
3236557
5979462
3146133
7878672
2593505
156208
2666318
1241160
1941113
6651905
592072
8240571
7844728
3988485
1846927
2476523
8986380
2728195
4401016
1647176
2244384
241220
4528046
1469474
5369665
4145629
2578402
180660
4886362
2134334
3882972
1674286
179800
1359787
184224
1789592
3821542
8970989
2433347
4485059
6655016
2808649
3828466
7478422
7866859
4853013
1335161
2208816
1106141
1105203
3305957
3188551
9362121
3866110
4237429
7806224
4690529
2363958
6663425
1948695
1805138
6944899
8541628
5283827
8396012
1507717
45377
1666343
2268198
2379703
1149333
3797811
8266703
1403328
4229844
1596318
1466163
5488326
2221351
2266182
5263615
4415988
1440892
4842183
2536200
9713200
2493009
1865700
3866540
4443419
3202177
2509613
1492034
1971423
3718643
1175550
1960351
1984865
9311983
3347597
4286414
1523821
9818310
133211
9580514
5865646
4755338
2423470
1751047
5458004
5691673
5189522
3893913
226663
1579768
3117846
689789
9908566
1655138
2716075
1941759
2347669
4638704
6677660
7283294
2523555
1456817
9529476
424753
1413422
2830209
2910524
9987577
187086
1811778
3337094
1933381
127575
2855365
3735507
129633
3320064
6247883
1250716
2898314
9831300
6903096
4774381
2432395
2324348
3945374
1202259
6400659
513787
4621915
1911428
174087
7987353
1610335
1999646
433399
2962820
9196289
1335469
1340882
4738387
2343161
13412
6941325
5191467
6222855
4385816
197271
2930357
2188193
6398463
1844180
3129087
2554610
2616216
1321410
3948161
1566833
453526
3137295
5863691
588929
5582637
5605842
2935198
1554069
1959719
1858571
7690464
1400419
2430762
1351041
355821
1290390
4652400
4287496
1245020
3707423
1913550
9365875
9988535
3834133
1760566
6828177
3627844
8953617
8512443
1964772
1234240
1234097
633558
2745406
3762674
6808441
2494757
4602957
5327927
350907
5464757
3849161
147610
1976073
2970473
1468686
4746835
8904028
8620038
463560
1454700
678949
1195252
1681385
7552958
5495094
1346926
5820688
4341092
1161239
9924207
5876925
4427948
1604201
1514498
1337264
5885531
1899011
1692424
1333362
122034
2750885
3533138
4291280
1630169
6350707
8969863
1443217
1823182
6851137
3795425
3330352
8825858
4885573
928332
5111677
2323346
2806179
3376858
2616733
4526561
7837101
1164219
9867570
1484487
9919814
2937751
3133853
7421497
2413636
1635
1301748
1958200
7309111
2968599
1448826
2637434
3952815
1302850
1341899
5290153
3474377
1230252
1809299
4257850
1795132
4297351
8366655
1993928
931794
4469833
1161578
1907577
8973912
1156054
8844766
4457738
5200729
117698
2558731
2258008
1418150
1389506
1905221
2576375
1564364
2462982
4258369
2311214
9655686
8303031
1233897
1592497
5368368
5798379
4585711
9927347
4990862
2182567
5432915
292897
1185549
7258050
3338501
2224944
44168
2221617
2823514
981254
1408259
1812634
1524549
4680131
2992498
1785362
1816870
1133081
1246941
9590022
3465748
8862753
9650908
3974916
540344
1542982
2207778
6870659
9442654
462175
1654576
1196994
2300527
2126079
3480501
4872590
7931172
1407151
1408834
1832106
5858761
3701705
4999412
3681965
3510712
1795114
7942369
6106984
1118997
1214258
8312202
5763606
161549
1966969
1164179
5457467
1289428
7284784
3965061
1435949
1221880
3680603
5910295
3631750
8744147
3613122
44495
2763708
2904538
1883140
6222729
3908591
3148677
1171023
4816800
3145078
150340
1158696
2310373
2656928
2103969
459993
5391861
2354942
1303169
4464232
2432098
1702716
8117850
9143294
1381978
7673056
5971215
7274506
3724742
1858009
956554
1239320
3951125
1557926
3420554
8135358
3658176
8924869
1976719
2100241
1977949
1808408
2511041
1719303
5237402
8111142
2812508
4534867
5747096
1921056
2453563
5605108
131239
1750381
85506
1443333
1265422
6715562
1941520
3191158
7966092
4662151
2917386
5255648
2811033
1133906
794051
3101022
5429692
2720827
156078
8755563
3630234
2375521
6487894
3497064
1359262
7389628
258742
5191086
1266032
9533201
1694321
1203723
4643048
2895209
4220557
1916832
3509781
1718302
3289884
1983342
350185
2570017
834335
8462207
9109704
5829556
3201887
5335735
8762985
1971819
7307094
1953625
2385411
2101924
1317874
3723824
4932006
2559625
2555812
7482021
3831555
2140121
1278712
5214761
4977860
1278331
1939792
8414576
896506
1801767
1235729
4693519
1855895
3733110
2723555
2470483
1720693
1667153
832573
1815406
9356862
5760398
9657453
112034
4667387
6567016
9357610
5812198
4559111
8322223
4340576
195160
2835362
2505511
7917399
2948433
3535607
2153590
217804
5195255
1892519
116362
2800949
2893948
8566794
2454945
8901685
1291339
1434687
3412495
6167694
5593537
1142587
1479244
4218129
2595802
1651394
5637907
1954826
5555460
9324577
7626353
8889699
5266112
8988004
2739281
6715789
9140015
5105031
5207853
4885218
1882168
3390553
1600587
6826021
2929714
4136201
846421
2350581
7391350
153607
2342525
2773551
1331846
7850538
3895558
3911723
3640015
1991016
9384054
6962074
1683395
2718023
242546
7221921
6448533
214207
2417605
8895103
2743940
7872393
3360325
532210
1438610
29714
1451826
1449510
3242331
1578069
1688859
1238772
2329897
242919
1291386
322184
4778626
1982526
1872916
7658209
5457064
2507228
3288613
5217633
1663397
945273
2509381
1239395
2489440
7898525
4882995
14287
9897284
1625440
840068
279861
6809183
2638064
5294174
124532
5140483
2792999
3215108
5791015
636425
3618910
3678309
5662320
6858735
8317898
4800729
6276020
1915232
2534112
3825363
1376466
6686578
8201289
2875766
885939
9321242
8280717
3805870
1400472
1721214
7619355
2297580
154324
1178951
8242766
5704205
3252520
8365049
1111049
9893478
7585878
2675735
1974364
2156803
3921107
1971478
1662890
6524185
3769287
3541011
3392594
1415077
1745476
5898657
4610376
1162745
1516612
5465523
7320792
5408442
1420421
6920811
2823780
1485378
2931522
9632822
1457499
5230615
6552875
148042
5873140
1354071
8265438
1394915
4776345
6697891
2697145
2686128
1729308
2280762
4643086
4871891
3807568
1221035
5803606
2859866
8428399
4706756
3559570
6121020
5137157
265749
7333141
7314652
6326352
5251439
2747283
4782161
4848620
3569553
1542208
2310212
146844
5175967
9933034
1877977
5554879
1319421
9801832
6993256
5584292
1340070
1863991
4862582
559303
3606147
3206116
7159676
2463265
2514271
5520418
1335145
5654266
1774966
4367514
1202842
2892123
2452597
1454296
8319641
5863136
4703832
1995711
4773826
4521698
4681075
3531335
1305192
1790974
2271030
7277841
1929459
1899059
7736757
1294944
3352520
8687084
7516129
2894741
6628444
2538054
1374797
8394784
8413288
2765080
3812962
1145778
588248
1972028
3410648
4454336
3399516
4705446
2771757
4357715
21065
1601911
2128968
3398767
6935120
2778421
2476486
2586711
1356797
521652
3647644
4771482
276479
1540193
1981188
1381955
2309521
7297673
1993469
9336175
475016
1750241
28047
1549407
1267045
2141627
2340339
1280301
6149759
8308831
1764238
1673539
6118117
7638209
8227540
8584147
1504462
3511872
1974826
1442251
1972051
2703570
2201895
9293699
7761781
2815970
9145960
7455678
1426724
7710060
3218303
2963967
1305176
2842127
1811062
2795647
8530685
8452429
1507589
5904502
4256153
5736496
1671636
1680762
923535
1308124
3185195
3352992
2817962
2561063
4699315
1976667
1188025
9855192
7897438
8327877
1368479
384424
2982764
475584
2513597
1469455
1429490
3274093
2415367
358574
1598804
4797221
1513497
3817288
172609
4184205
1576898
2481621
6474050
9460873
2125613
1673074
2569131
3437198
1954314
3719943
1558660
1738673
5449270
289784
7768048
1366062
4825111
1777536
2293817
276514
9269911
8613545
449464
3305988
2147560
3901209
3811536
5953313
3432387
7298303
3135108
1742371
4277720
1323107
3610373
2557096
8399329
1722613
3655805
3167942
4678075
83946
1410618
6902381
429172
1473488
5251041
4115563
1179646
4648166
2113428
2721656
3320339
3372751
5975246
4421604
1137294
1550194
7999098
1549452
2199320
2922013
4906224
5109769
8552122
7596193
4320407
2350564
1445894
1433067
1242360
2664277
4463557
4865505
2782136
9631348
1719494
2457325
1397531
8116222
9816705
4547215
3662544
4940048
2378122
4944309
4590310
3985441
1593531
4883826
1208997
2517249
3167825
1518973
2524064
667565
2405039
1795713
269938
5694992
1726581
4249062
680515
2758800
1157255
3610651
6403415
1591311
7637605
1387971
7593807
4601106
3197673
5512694
1802963
1864679
1142313
2179284
5801120
1971563
3501194
178726
4836059
7753229
126900
4223064
2738377
1429329
2825512
92506
2671211
1464876
2231115
3839265
1671960
2308732
7570362
1572592
7817577
8563593
2858794
497164
1627873
4793469
840445
7111437
2124844
2839925
5645941
3589984
8318549
7258082
195618
1495247
1510005
3762144
233306
1206367
9454763
1759797
3965184
1714637
5869012
1125190
6513833
9770883
4788849
1872792
6152994
4801790
143987
4711247
2869671
3339760
12623
2606250
6336139
1577686
9293403
4259038
1179128
5696664
13360
163931
8818546
5804883
7352073
8688653
7931704
1829014
2751612
2625767
8458383
8489711
4485466
3778855
3394422
8327095
8118838
3192942
2763277
1367447
3219246
12822
3456943
5299251
3862159
9235214
2812848
6371272
6765148
4642621
1603338
9869140
5755097
2752383
3561368
3336450
9306784
2234669
2634902
7538273
1512449
6244876
1761803
461157
2723610
2721217
627273
1919137
4781713
5102701
5721031
5454425
128584
2704564
1950285
2428019
3912202
687871
3212194
2528671
9525222
8680665
741803
5834451
197644
3708459
142735
1936616
8838102
4787294
393991
8965367
9380086
2164167
3953617
1336992
4703663
8913306
4279545
6664780
6580917
2650775
1251590
272749
1837623
2177565
1975233
1222073
5644337
3556433
2571088
3476771
2651862
6318724
5519023
5218849
2721285
3485572
4940417
2942355
423754
1832004
2971599
2938575
2856549
2261444
1154316
3510495
2225357
1129334
8785538
1729522
1366665
4464798
2987248
2837053
1160401
4776958
2938727
3312657
514839
7592792
7684810
7581989
3144694
1613788
198481
3756081
9307424
6390900
2869381
2676442
1409233
9753402
2219387
161880
142935
1599716
1138804
2950287
4126343
2657699
2727043
1657636
3854534
4410886
3268086
2168540
4586886
4294359
7893984
2252856
2971145
1295131
4792365
1790939
1565462
1929439
6236997
4597698
1527664
6282067
5338685
4595634
1526841
1381988
9140847
1900360
7950036
1598422
3272888
3250831
142482
2476434
9571917
265764
5964090
1756462
1842540
1395648
4647157
2553106
332622
3235792
256269
1729166
3886425
1789478
3267240
3939589
5498613
651864
2222143
2755678
3412674
3280121
338246
734791
1489187
5507993
1905963
2170394
253799
8458435
2629830
9420009
2598640
5330694
747331
168241
4543479
3624400
414689
5103993
8808602
337544
1362415
2631070
1150628
3515039
4548685
7952613
269581
9240696
1993300
1372961
1207689
3707588
3383906
2886337
2497964
1310071
6824367
3553311
2245625
4692148
1134597
8146451
2427477
4936745
1258095
3778755
7272638
1836628
1549530
1352181
658948
1685106
4277307
1481121
9144672
1776986
5623650
6421612
8635514
3924232
1451071
7944080
7646496
4445231
1791559
2354438
275687
2312557
2991641
523201
5587643
2117034
7181630
2944009
1903391
3270963
1260520
1824591
3390952
7167215
1371198
1711254
2164424
2312108
111459
1170047
1550755
7587946
3758719
4996876
3808955
5173273
1948107
1498038
9452406
5454007
1379738
1113250
2681347
7722323
5586356
7216976
2437081
119425
2515687
5818049
1463378
2482445
6518951
3170223
5939232
4852041
1879621
2638129
2310571
6849000
3429524
6230583
3342773
1133596
8900365
585535
9122967
3569965
8226584
651769
6559857
9540392
6870727
2854881
9726708
241044
3935403
5931650
4344152
1488950
896210
5774792
1158471
1953461
7344685
4742793
9281407
387840
1651538
3832951
1731754
4503036
1494960
2311752
3407026
2217459
1871058
3728111
2536983
4269991
3632919
1709112
9590343
6222978
6591515
1351683
183595
1834934
2879642
1873573
2460023
4253168
6134729
1362853
9880759
5182848
339118
649473
794054
6806031
2611226
1267571
1357964
1496917
3745383
2613154
6611784
2752832
5182615
9843109
1432257
2480985
4651719
5274592
4174012
1993524
6784192
282592
3819851
8381983
9905867
1957694
1239500
7951335
217945
6730555
9635317
5285095
2439701
3917877
8518333
768505
3589749
1254531
1332567
7131823
3376666
4806783
1744282
5773920
9389580
3922053
3164329
194033
1323123
1568029
1157850
9429574
2425859
9369556
2855698
1536241
2352191
124528
512111
172314
1370631
4597502
3193439
2608758
9103194
3823641
3935488
1138806
5303221
1529971
2526100
1287414
6534459
8752196
1775043
7543060
9889992
7308290
7140858
1956653
3791084
1803024
3462173
2266142
7732533
3837955
8957993
2829812
3884540
6992028
1742183
6793626
3411931
3508807
1113387
1931506
1489553
3267658
1340828
7885776
333342
5170523
8700716
5135557
4583201
1770401
3723209
492614
3887351
2743724
5689981
366367
1493814
4952369
3825776
578975
674945
2721240
1831877
8742248
3170262
2348105
1328325
3436253
535344
9749039
3887760
7260709
3124390
1913960
9870230
2156542
1495945
178504
4241503
2717181
562026
3999799
264898
5664376
1327959
9743600
4990259
3512291
251187
8435147
1955458
1674226
5137917
9670345
3903541
1297293
2151564
1136391
1945316
8508168
4576833
241267
8521799
1678331
6294926
4833795
3843610
4916542
4529730
5966379
290941
4345689
3121111
6249617
132742
3227764
6535036
4605711
4782642
2385956
9943000
6538726
2593646
1325840
1892170
3727266
1679914
3617315
2197975
315177
1154667
8761331
9313935
9668212
1739413
3923855
1976982
148439
1623625
6813004
1688051
1495644
1934910
9980164
3807673
7451771
4858007
4406030
5908239
3740732
3934073
9335106
3653124
6411383
3565625
2966652
2293681
175180
6774704
3917071
6886591
4973986
8551901
1227344
1760604
1490484
3714540
4863428
9367298
6443940
3873223
9251225
1452672
2339707
7371778
2133426
1821430
2695257
2901730
3271451
3228198
136186
1718271
1690354
4249920
7973621
1967259
5393863
1324986
7292438
2910546
1556146
8911719
5688676
1411977
4455736
2967217
4707766
9166493
2791829
2797856
7424828
2411841
615839
2130290
2863846
489159
6725349
2840980
7418258
6847976
6543858
2155124
4511236
1555426
1619684
3290471
6427440
9271663
6221396
1139663
4320096
1930586
1480884
2550301
1824705
2789595
951910
6643484
2715426
4857693
8954541
7945827
2572974
2720537
1551549
2449412
2218861
2524112
3331508
9597391
1884242
2970020
8147523
4702601
2697806
120940
848752
5118487
3857129
7739502
3956705
1885390
1983813
5518734
2797498
2189264
1576830
669178
4218301
273619
8579013
1994332
2973612
1705367
551692
292800
1925853
2551310
3990920
1564311
4817829
2819895
3460709
2394748
2332449
3972515
1716596
9259651
2914543
1684971
1628162
4230280
1827490
2665388
1960217
3305451
621174
9528481
1877412
837769
3112369
4290758
1381638
1281316
1620889
3962309
6578682
4981334
2555162
4437172
1174411
1768659
5472358
1284308
4879047
397293
1600297
5642828
8471789
1572900
9248140
9951967
364300
1339872
7831913
1765467
6933826
2401846
1724342
5272512
194791
2206544
1838661
3954134
3886604
1767903
2617238
3406160
8112332
2638815
4386892
1207722
7100114
2125914
265651
1699545
147323
2897788
1492394
211674
141172
1355235
9169185
1455466
6680839
5805626
1520898
293464
1880416
1171731
1368900
2450936
5733777
1514230
1866028
6540117
7646229
1891515
3667926
1168580
1804654
116505
9512758
5868188
5721743
1672292
611202
1611579
2121296
2223997
5968701
270075
2839105
3790450
7293092
1172089
3877168
1169851
211417
1946615
9739289
3696932
1234319
7350540
2424516
1937294
3321070
9785290
9601002
4302468
3701885
7267928
1823793
4950449
2691669
3712645
1285990
1322456
4760803
2759396
8352923
3903759
1263945
5816979
298889
5129950
4193634
1962136
2330947
1445920
4160930
1739005
3962310
1258490
488021
3740312
1212420
5812793
6796380
4410519
4546564
2817446
3115301
326820
4212622
1248437
5235946
1688587
8315185
1530087
8341760
5572651
3506131
2261421
3887904
4974180
7277573
6816080
5200887
653623
1798362
154008
1756337
17338
9492865
9768283
1273898
2632488
1292530
8687383
735484
7736058
3684995
1952364
8980423
3323201
3444329
5656176
3200973
5910924
5489478
1985853
4144890
7821421
3147452
1264932
8522125
3219877
3794364
1877837
799895
1238226
1976358
2781544
2962966
3248502
3710207
1318553
2812258
479197
1954746
4713199
2541588
1503304
1829191
2408237
3394380
3961922
4134592
2873520
1408671
1483926
3259099
2459071
4396648
2318343
2437735
1932829
1669461
3783374
5827220
7995461
1604368
9627
1574156
3931984
2591492
3756003
9428740
1102133
1799790
2578058
2138251
1152823
4346284
6535159
8172784
3390838
4172158
3499714
1335198
4498724
367552
7965673
1962003
2109235
2872145
7254134
7427339
1218227
2970381
3489719
4420513
1293040
498126
1943524
9660746
2531964
3848833
1589861
114085
1982259
4793991
8973943
540080
5965015
6254995
1421068
2804173
2898576
4624926
4390414
2510265
116282
4512536
6106243
6825320
1385412
2113615
3394551
3201935
6379921
1987752
5981328
3689400
2415950
1576724
1371022
7999431
6768031
8682137
5935558
1859732
9207835
3623524
1336012
1675837
4996011
2105532
9417036
3152905
188283
6296786
4905029
168153
1101959
19531
8102819
1659034
2570047
2761050
5105119
1185094
1358389
4420443
2931746
3517858
4281390
2842853
1560760
5333753
2181049
155379
5461386
9421743
1345852
2586579
2669198
1584109
1175730
6776043
3499903
1256664
7130093
9959084
2517791
3452676
2469151
2794548
380105
3707187
2265616
166474
3345964
7282948
1125612
1492112
2917823
2908591
1466032
8663993
3895111
4699524
1939463
251599
1134654
9200283
4661240
2829044
6857761
2688945
3691644
4993365
1315433
4334563
1752163
9252535
7301556
1649712
2914537
1153055
1970580
4369342
1201505
3965565
7247587
1638096
1310149
5661013
2838278
1920465
3220178
140846
138331
3364648
1498021
21726
1966429
5640181
313287
1947454
1877089
5576100
3841501
2396406
2949499
4327158
4460872
1294976
3870164
2824558
2130906
3392365
1621746
354879
1960025
4234312
3173872
3308355
3637803
4964030
6179356
1609100
7831668
6952450
6962792
3926806
4416198
2236190
1900290
1376029
1468987
1977390
6976502
1188103
1227310
3922966
2647831
5717305
7211273
3587783
8487385
5453570
1110579
9569636
597261
2546625
5214271
294857
4615889
6366036
5981094
2152921
2854226
4545872
1828343
9457893
3795828
1299313
1152796
7680812
1525621
1407644
762060
2946947
3707364
2775256
1989839
3429319
3265384
1327524
1615247
2388547
371679
1513719
3166917
1858160
4309384
1841803
2196618
6495775
3765835
1801793
1851827
3393914
3567742
1351610
5119570
3865183
4847880
3320279
4518584
2381076
430341
944239
1805977
3105237
3597050
3967591
1907176
462909
1421836
3568699
4774450
1606347
1587934
8256334
1762922
2104564
7915274
8471782
1744508
8501681
8919723
2899313
1434138
558559
2172101
152331
3343332
4130058
4933806
2245045
1518790
1585962
4541992
3843413
629062
3223400
6266018
1522224
7189629
7423443
1229060
798992
298845
1460183
2243233
4310291
1504626
811974
2727404
1764190
983435
3118188
1391641
3648524
1455136
9408187
6679389
3121107
3706137
1717255
8727509
124367
2584064
6268256
5635367
1187632
473275
4658611
3469707
5483963
8492085
9912961
1534274
4171434
8847930
5797726
1650275
5583397
3351083
7393121
5267918
176886
1879405
5224435
1862490
2396379
5490384
1620802
2546374
3499820
4151434
5948008
4337725
2576084
8140774
5727786
9734395
1432767
7753835
4866612
396972
192320
4691871
7297233
5847872
6823655
6712862
144900
8443396
4968913
6138766
2557938
3778357
3335582
8423555
9679617
8535076
2508669
4936355
3233450
9765428
2739353
1168200
360575
2499005
3665846
1945002
17190
6716989
2910239
4382173
3589397
9400951
1599968
1424162
6662209
1545091
2567608
3609962
2189482
1246668
3662951
415481
3486324
2474849
31332
839799
5189106
2251673
2451920
1166365
2389365
1274570
6986896
1890672
1238368
8512851
1790467
3437694
6537492
3444342
3441788
2238993
2121796
6114558
9836151
1742058
3744273
2490597
1672270
1168839
3738597
1201245
1114349
576668
3468661
1836925
583009
3107458
4613132
6302963
8181687
1389647
1779726
394298
855336
5679717
1302963
1926065
2331436
3351398
5320143
1540969
8451378
5726148
5421486
4490242
1477322
3296847
3239516
2840171
6558126
9514622
3742727
3918413
5891343
3180018
3456449
2242937
491146
1714602
9936069
7259445
4244876
4917054
9814548
5112326
7534117
2241796
527825
9204285
1469420
214684
1160130
2510255
2112722
6735428
1540751
296669
3415073
5565680
6336761
4172137
3890023
3884291
2734445
2765885
2575731
1198448
8909830
2263578
1867405
6155391
1569741
125286
1151538
230668
6667317
6722774
1107329
2962869
5630151
9946629
8154219
168149
1402626
1702592
4872959
2450351
7171836
1833720
2448761
2244830
4411667
1612067
1769675
3257261
8135140
2961963
2696411
1512012
9894869
498416
2152688
9481922
253041
4825811
3293582
1410000
7528439
3225018
1494129
1355761
1146352
1291406
164195
6852122
5816744
1108136
1692062
7824499
1801285
1361086
7512930
1909025
1264387
5627555
5534616
244953
1129408
1164561
6397844
2332950
4580317
143952
4879027
1774136
970479
2984630
97110
13637
4284261
8831352
2700274
1305673
4239830
1630050
3827502
2416708
6767005
1152933
4518198
2179697
5226125
1250042
1833466
7342436
2780578
9295561
3388392
1703798
9504921
1813332
1713900
2956025
6935950
1863743
2221809
1285192
1731996
1819480
9888410
2899385
1470708
3264707
2216943
286704
1428008
2852596
4568628
9677306
1720895
1495146
4398202
5969524
2651197
1599313
6521732
3668338
7773266
8238645
5932915
2404946
2799668
5990260
339380
9796825
1973490
8258614
8801073
2120617
2446717
2457431
1940131
2156124
4655686
1371232
4179709
2195671
2105679
1460489
4382628
2949345
1745804
2978944
7947635
5941402
356591
325602
7485446
1614777
4713845
1887226
2302877
1384892
3812855
9204425
1785563
3900052
9153458
4992819
1228248
2384778
9705916
1990010
5453693
3719748
2502337
5926906
2872540
519590
8764652
1778030
7188104
3497366
9990955
4894273
1392180
6488892
427286
5353203
1466258
9609749
7397813
1559715
189172
3869157
1198326
1873955
2219644
997516
3952843
9543139
1439961
2220739
569473
7255160
2285251
5802348
5710578
1572292
6819311
316515
1161773
2929028
8957157
2440667
1896500
5290564
1558763
1324515
6972322
8589309
1725812
1373298
2671770
3906434
1562417
5361236
4556258
145149
1551683
1801048
676436
1997764
2829476
8783902
5582259
1915339
4656374
5944299
1556639
6294792
3351235
2601688
220392
7514645
1867738
1459140
8427162
8799509
1552214
1643341
379991
1654645
1894722
3891620
1243587
3254287
4656355
1744049
3719564
9725047
123803
6298249
1745149
856899
1889636
2980978
5744327
6217291
2695743
9257447
1417432
2184304
1379845
5814572
840297
6597734
6914106
4952242
7958656
3754986
6489092
6444847
7615045
1275931
3155036
1882250
863748
4299863
3138538
422158
1949923
8480580
1794928
2932329
1766780
3856708
1112659
1294172
1226611
1154877
366800
245626
4286543
6137724
5856881
1130155
4471553
5914256
7342404
2379801
6963061
111510
8507419
8218147
2580310
8807780
8200706
1191346
1987150
2334327
423400
9696918
7725918
1922357
3136880
9607711
5125038
5782583
1899846
1144123
2378684
2125388
1767214
2497461
2147402
1622857
1174992
1493950
3363164
1747420
154854
1568897
39007
2753084
2513988
1868390
781368
228059
477972
355106
1599728
3995705
2473452
3425034
2916385
2535050
6394821
1250603
7167071
1372603
3917420
1401610
8629763
7862695
1169283
1521427
2348808
1333200
4339184
4416188
7408327
7448597
2672171
1737699
2270749
1993803
1200173
9149282
2896067
2370128
7183420
5274779
7529540
6587666
127095
1905252
63624
9997094
3172754
4710408
472358
1317437
9692435
2897425
7124001
2826113
4193888
1169695
8684304
2489058
1582217
9116639
1932632
4160570
5932003
6264790
197909
1157534
7651884
4439074
1681922
6797670
1255907
4396206
1657046
3176738
2280906
1382173
3666580
1600
2737645
1320643
4814174
1536996
1680606
1517748
2399244
4821520
8755386
5394042
2968119
2757133
779154
430802
242569
4908442
1473692
3144222
3117719
2948617
2362621
5333631
2828004
2215087
623912
1449322
9375625
1224245
1351228
3392985
6786200
2225719
3909556
4934167
7493927
5475918
1983805
9438044
578340
1915267
9880055
363306
2831798
1672280
3297282
3636292
2257735
4587726
1829409
2251033
1228403
1104176
1374148
5162753
5135880
6480109
2423361
5877938
2336053
598301
7181228
4410571
8713807
3172340
2253334
7715866
6865554
1473715
8786532
7118540
9727357
1457981
3587969
1518312
6148080
1780252
8750214
5147994
9112751
2178841
4995913
8836096
1353221
737644
3669754
3928006
1678222
1733847
752026
9491516
2431971
1657605
289656
1611165
9629651
2633594
8735958
8247182
4272184
8842662
4446764
2928672
2142882
2565428
113237
256957
197125
458064
1405552
4621624
4801365
1421227
1657576
8684628
9264069
1464206
3968548
1999888
143506
4296833
227173
4759848
1230182
5255513
572100
2328757
9798691
5519327
3491690
1250984
1538769
7217525
1269258
9557980
2409923
4260293
184985
1339438
6364082
4235998
8300795
4393480
7629764
1477724
1835312
448814
167458
1580541
2808153
6403130
1403341
2943535
5698956
1360132
186975
2427798
2370303
159890
2178552
7331398
6108781
4196941
2890899
543818
1763821
1440587
5788952
1835613
6161117
3221856
246503
2576583
2172805
121906
1337857
6808862
918291
1930704
6802830
840356
2670656
1942472
2266333
3387079
7226804
340650
3119221
1553475
8925367
9457190
4884892
8232112
2871846
3903481
411029
42899
2114021
4460456
9629987
7262632
1684873
1445197
2169419
3416448
174587
1487772
4896017
671654
4186752
1748051
3295768
2591963
3474251
1348166
3851837
1734126
8360314
6835660
4554071
1350994
2559563
243985
4796185
1297622
1209637
7803357
1636440
1432342
154983
3594498
2726350
4479005
191411
1700090
3813579
572907
1962540
116977
6821856
2773984
320778
1331127
129525
2638420
5246387
5690123
1480870
1468396
4184059
2866879
4470256
3942273
4598509
7160800
4211221
1188266
9851992
1207970
5494987
4870599
1966049
6266909
2814972
1466350
2548007
793508
5695091
1502391
2398553
2398821
7433664
2349921
195827
8185170
1406038
1679339
4553747
4948661
3188000
1510037
1744989
1276097
2831735
6421883
449786
3898928
7260258
9833212
4466852
4142946
380359
7999006
5877381
5907875
2377449
3993094
1532259
2117798
9683333
3949900
1269081
4555635
655809
6967680
1807038
244735
1307247
1458752
9909465
3896269
1725098
178251
1909265
1843544
4177665
2932759
1438077
2826211
8482339
1369031
6692815
2598396
9349246
1371328
7404831
2468498
3489392
6629068
7221788
1720665
1193847
1459007
2494857
1931072
3762320
1416360
4526884
261963
6767828
2375203
3986919
792525
1484947
4505635
1503991
7619854
2769683
3159414
8916071
155298
1665095
5823468
2755454
3549913
2521366
1787092
3801975
8380293
1344929
1918511
238461
3821718
1987707
3804949
9913128
2813991
1232336
9902209
7146797
1795083
1351557
3142681
2320081
4480548
3392322
1261511
8351444
2450474
1410825
1311711
1780099
2860260
4100138
3709648
794852
8948071
318506
1213190
1621136
9158101
2417131
56127
7531625
1460321
2702233
1383115
2379333
5683827
4330926
4867991
1649457
1709747
4141177
768179
1275630
2682099
1732280
1514275
4318577
2120969
7693943
3868415
6851542
2232791
1946630
5952319
2851460
1383649
3250377
1712655
4212469
5700292
5924196
4462210
6620180
3934537
4521614
2829276
1439989
6465617
1799407
4431989
1715484
1850632
7774298
1486616
538856
3517917
3837323
2720036
1212152
3327725
6964632
1364678
3785051
5458529
5685455
2912770
6727147
3952246
3516931
2827663
2252383
1493965
2429249
1986318
1774457
2622500
2445393
577514
9869036
7408916
7813724
1338431
1848231
1301119
6113266
4769946
2975872
3201912
3571841
8224581
1348815
4956596
4850709
7159729
285982
4460805
4468886
2726636
9770599
6371173
4836863
1462235
1596874
59175
6437762
8426629
257481
4792285
4722093
3137369
6880787
2535018
3452509
7756296
1791309
111061
149755
173624
5864153
1206865
152276
5433091
1773995
1415494
3708459
1628240
3160686
9235116
1783523
2754418
3452293
2418422
1630351
9887687
2606433
2311805
2306961
1150567
8997800
1683354
2629103
7518003
1389068
3959318
2949024
2852350
4378554
1363718
4506522
1859979
3392021
2288803
1121451
9553604
5183077
2560927
3840872
3235460
2447874
4554454
3423506
1233946
147957
8822354
9320514
2373179
3757080
1668169
2945064
1652960
1790426
6953419
4345262
1813864
3719151
1734929
2802685
2491945
2807255
132943
1174729
244427
1887053
1172417
7804447
1831489
2180430
1111438
365050
1943063
1105011
3186573
246962
9701487
1831772
2727322
4278215
7805148
8870210
4191560
1728049
4317153
6603964
4985426
1918849
836393
4660112
2428711
2939254
1665246
1619255
636885
1872514
3360101
2997269
1200102
3348774
1987717
4529429
5355745
1949997
157445
2633883
2548074
3218500
6785190
396641
1923433
2103170
6496363
3375499
2668380
5354315
4901613
9732854
4358593
9155233
1540615
7118219
2190937
3302373
5811187
8811447
3310695
3805727
4120504
3708879
4545516
1639886
1687825
4239965
1171224
1423522
3855458
8615755
2201170
1761846
459089
8663134
1365498
6478612
9809416
7853279
7195513
3433723
6406884
3863743
1655732
5388163
6437278
1661739
5289387
7680321
1660692
3647592
1794359
7827368
7138616
1338979
3511732
3523548
5351044
8278212
2274896
3487147
1724535
3772177
6780056
2884675
1120308
1244866
4447213
2215715
5716246
4962607
4396961
1345627
2645345
3142922
147878
5479088
1388837
3917681
1975137
7572689
3702567
2149774
7280878
9934466
1256932
7303490
7779462
1266172
1419254
1339500
2415894
9151049
1408859
1763409
6529358
182616
2391781
9522920
3280590
6963092
188369
3421322
2831051
123811
6516497
6538234
1821013
2456262
1861220
4968489
2855958
6331169
3220257
1363245
1705641
1864408
1848821
2898851
4685640
5521247
1146890
8162368
1502707
1977216
2794155
569594
1710256
4487001
2508875
1153015
2224108
1926114
5893018
1834825
6728682
5952215
5394520
1659979
3199344
8480904
6989360
3822282
3136617
1494576
3370576
4567958
2257412
3792751
8358622
3219594
414750
2360851
5846399
2656452
3391655
8100751
3578597
1520653
381155
8332869
5312896
3153387
5776354
3265438
2853971
1633601
8457070
9812752
4439918
686165
8425596
2543624
4898472
6209091
3777657
5456340
1801524
1160838
5850493
2855419
414702
1718541
6824406
979128
1596735
1250707
1127527
1635404
1730675
483363
3296689
7736206
7635483
3503700
1515144
1540697
6281086
450872
1438878
42679
2726063
1597261
1833170
5293203
4657859
3369080
2110437
9911468
4448104
1765803
6195093
6452148
6641141
4128163
1867397
8474079
1428935
2194286
328659
3883801
7916279
154035
7971357
1886010
1241113
6866550
1251356
6188093
5543996
559290
1814178
5997719
8553154
8136333
1774270
1118440
6410471
2885444
5643878
170681
498533
2975864
1925421
2122592
2564180
2742609
6882957
3918497
3503195
3627724
387521
1974710
2650767
3660199
3564373
9159924
2627028
775902
7956366
152379
4710096
6189592
7243441
4479598
2729123
218526
3413948
8223254
9358013
5284006
2423246
1658920
1795527
9357507
5665932
4691057
7583488
2128648
447731
3150686
5188512
1807130
26202
2302700
3229420
1687964
2864981
8210501
3147177
1490613
7444525
2963220
497698
1724360
4411221
9316698
6844924
4111709
5587163
2848941
3330286
8548465
1182641
38467
1161691
8988533
4204310
5740687
4956941
4777834
287202
2224970
2227248
3429764
4665159
7747377
1461414
1744403
7917991
1871552
1402260
1522967
9142334
5468093
2984693
1255354
2275204
149138
5973733
3623939
2986494
1425035
3551529
5638222
2430315
1111249
1455547
3167718
8384218
1775580
2484313
1697818
1941962
4644470
2911193
1747882
2849958
1934994
1350411
6911299
1873859
7959912
4839567
3646143
1989630
3494130
2768351
7419989
571987
1541623
2643796
170596
7636618
449487
2835173
2314021
3576173
2639987
1747030
1884280
7432035
2890520
2624570
4752967
5296321
1642853
1728393
1807055
9349640
2236091
2261743
5718149
1888890
1468111
457942
2176962
6752450
2737255
1725351
1520742
2690799
4982423
1959453
4732864
1849068
2750796
2915963
3223185
1300904
1592821
2482377
2323048
756539
3421512
3481960
861423
1718647
4939997
1475634
162796
351553
1960000
4875492
8939513
5143448
4994038
3798382
1744281
1473171
1218812
181300
2544729
1582567
977521
19400
4302630
5151884
1659278
3349277
349463
1251542
1642359
1673838
3331749
5712389
1645773
3474019
1775667
5952389
1464376
1548858
4410541
1720410
2633492
7439820
342653
8974513
1410179
6467139
2300093
2103117
4975295
1878291
6177885
1659037
1785949
2409054
3269748
2383490
176644
1216185
2859812
2100760
3555629
336803
8165801
6824299
1374662
6423512
3108334
2965187
89254
4518149
2722346
5748118
1682908
9816782
1397961
268941
3294823
9961382
4618092
1643083
2837774
3417491
1246460
2797596
5677721
7264352
4123606
3952883
3762947
7312526
1387162
8505830
1783952
156570
5587973
1635311
1888918
1898830
2221891
9571814
1938599
1406652
1558279
2967966
6649483
4181659
214057
1967636
1866705
1334780
1149380
2592968
6814547
1478086
283878
1464573
4969648
4987516
4829168
2602560
1564785
2173007
1149329
4932458
1183185
2879719
948357
647850
817688
4866157
678403
6889685
1383758
1754109
4277865
5569999
1555160
9645133
4731172
5444924
244007
4704558
1124902
1246051
1388081
4258299
2643291
9391320
1125652
4139961
7466068
5258428
3185968
2779504
1596028
6357541
4939778
245091
1865479
8873784
1405194
2648508
1506378
5557216
5646914
3848831
9223370
4640718
2765176
5451791
9524862
514487
8149584
1471247
1733366
6993888
1344048
3439751
1464117
116642
1731488
3263323
7957697
1679991
7179566
2673241
1776554
2588001
5131243
1228550
8762078
3758848
3740781
2899011
5808308
2129828
2424344
1487465
484930
1394458
1554375
57179
8831510
5350441
196959
8395622
3179693
3464178
7793551
4315226
1839884
4822483
1779457
7192397
9455215
7231260
1874060
7251429
179517
1685426
1876268
1250472
2383873
1405422
2760160
5329349
1871722
3776095
1409539
2896361
682922
8218986
2556914
7457600
1633308
9791726
8972878
2456299
2587879
1882322
2744381
2977723
2783153
4714050
5232824
9451039
1669205
7230155
4522386
6640111
7836427
1246387
470097
1839214
1333490
1232012
1573740
1812711
1821546
192698
1134164
4340151
2265403
1317022
1945350
696492
1504501
134107
5660000
8980131
1572926
1105559
2991027
1455853
1816137
5622355
2907279
266352
5104792
3445581
1432819
1163416
4742237
3904445
9242495
1586765
4772436
3570205
231405
6169475
8284650
1362934
6214419
4535336
5178422
3873437
3244354
2847888
2444628
1853447
1447679
4595892
1317339
7791110
2978476
4907363
3964548
1639052
3711152
7255638
1308812
6278096
480939
1780592
4360930
2308802
3614202
1124463
3843903
7697057
9654203
3977276
14180
3866377
3878594
7169064
1748859
5551369
7355076
3108934
3498391
1445750
878102
2413764
667888
3202354
2145605
6458554
544212
4692266
1461257
9882664
1550497
1130427
256024
1117693
3247668
1283395
1693478
7729271
1848235
1683847
2362476
6842417
227594
1420473
2554313
1432357
1795191
4347799
1879700
2960072
1218518
1610341
5481882
2619089
1752424
1733128
33029
3660995
5261714
6296720
8683563
1470017
5231719
2999157
5193050
428975
5738623
7450318
2407420
495059
167604
145746
1775790
296577
2886865
1597833
3902341
2788039
2395101
1516334
1302131
2814257
5908996
2293474
1734696
8626713
3292470
6706112
2149352
4306762
2469081
9213805
8652440
1884107
1981968
1221274
2841643
5455359
9316924
4772036
9122671
7963528
5655384
8618501
3534473
1534052
1268817
2931552
1740512
4651219
4465347
1459906
1607565
1403697
1554545
7725786
7881632
2140583
2837325
2109909
3302897
722294
1250843
375843
4608220
2662572
4624285
6706081
2670676
3593188
1187267
2927383
1651737
1108230
7397560
233808
2228200
3129000
183283
1511849
3612690
1585998
1547539
1934681
9588184
4109986
8217111
3169220
7572275
4855194
170165
3552012
4274373
2963105
3849518
2169750
1615836
2454412
1933382
1498319
5284995
6237142
1567681
117013
220515
3507752
6242582
4199210
7345725
2790420
6766840
7947078
5579935
3482176
7642998
172550
110212
1336020
1115238
1187557
1886299
143501
2920917
199591
2963274
121199
1681987
1412774
1422034
2188287
7672451
197209
9235311
3481375
173144
2256858
5605913
5762103
3214033
1791330
8965181
2380944
123062
7358942
3563045
461294
8975278
2551709
4571773
1544053
1881511
2209438
427797
1969459
9504746
1435572
4119077
996630
7646083
2202658
8539214
1191747
5180035
9877375
6393804
1656011
7498387
5150230
9695224
2542756
3186642
4505742
9399195
322427
3676850
1225642
1630804
3262389
1741231
4782482
3956949
5359648
6803830
2420682
2611079
3716593
3324990
1144743
1418600
8249472
3399970
1616013
2500348
2290694
4511741
9119740
1299279
4989301
8179698
8837648
4853617
3733150
3680064
4206446
6252084
1748827
2439716
5920712
2140952
1164106
2888736
2993234
1821734
2856224
1246814
9654814
572671
1573185
2915246
2167047
1529200
4215443
7414382
7496126
7712094
7256088
9353094
8280453
5390465
1414269
4775317
3235548
567270
249114
1342921
1162997
8488219
1278320
1365460
1711603
286552
778705
5982081
7636794
2537231
4659228
1820283
2613097
6708458
5176250
685140
4540767
1887995
4894964
1519097
2865015
180069
628467
4724027
7507399
5178703
7845898
1720074
4166091
9927143
1732532
4496381
2498003
6320657
1438245
5823457
2411232
3142675
1409062
1617253
4391708
1206569
3627047
2660752
3480666
4308383
167031
1576474
34365
6236889
3589132
1290144
5983497
8531710
1602877
1498545
1324813
833731
1223437
3312936
5252318
9886477
4971701
2835269
6261527
1288886
3245909
5620400
1827362
2730769
838846
4736515
2854323
3591172
2259348
4172423
8879536
5175385
6429076
6499366
1211957
6776487
2488522
5815785
1760579
1821740
1738864
173054
9584796
638311
2198252
1329178
1802105
8158765
1678477
3235311
3486407
1831029
6221965
1286528
527785
2271510
1297670
2762652
1895472
7731000
4389349
152435
2681018
6214226
4221099
1141090
1420329
3273837
791281
1349555
2140056
1879437
9819015
168434
5642332
431459
4670848
5848275
5719695
4116887
2966810
2999192
9790903
3281724
1777138
9342079
754483
3921580
4209373
1631206
7225516
455655
4114188
4263101
7595871
1854232
1468305
1187468
4336595
7553449
7379460
1147503
6310119
3820765
1665524
2485655
8439832
8354795
8856704
9253575
5479086
3388371
340791
1610942
2711506
2152012
2643183
2504688
185302
4100946
568858
1785944
2525892
7533159
1918807
3459289
1549246
8934216
1812668
382897
6618433
9673967
5442461
2670241
3427978
2912074
2522364
2335681
3211208
1174658
5296732
1689661
4986650
4986836
1400022
4212981
9411975
1236169
8145775
3334838
1200676
1327190
7563444
3250430
1880879
1753608
5581270
5763954
1705082
2609843
1452462
7995632
3644367
8248695
1567566
2253996
7795471
328916
2113295
3513725
5366424
1323078
2844661
1396687
8340608
1869702
9787208
6669865
2894035
781151
1228748
6776838
7903581
4281585
1901022
1556287
3431326
1306790
3250141
3832879
1349112
1319674
2922011
1842399
5269055
7470355
7423282
6665256
1452652
9987439
6346862
1909379
7811320
3396513
2245030
1479080
291272
6105961
1895853
2450233
2834482
1370869
7186736
1632407
3856777
7632562
1370330
9971221
4600809
2898234
2654651
2334662
7521416
4340553
1763856
2483283
843390
1658918
5225574
1673327
4102758
675893
1879834
8641704
1803997
1700347
3416986
7719724
2874450
2179077
2322576
8574131
1201137
2841405
173344
2365765
8387501
1941423
3785213
7388393
4223239
2859731
1515356
1519471
1291318
2229426
1666285
7220624
1716112
1928316
3858374
3209685
8492927
226685
6272633
5137347
3656833
2659562
8883560
2712402
7722339
1782972
2595468
1957584
1452267
2656068
2327724
7676076
4419927
1177713
4557566
3993139
1961285
1979141
875528
3488540
2379036
6387798
2296374
121
1571025
2688329
1917024
219460
4884185
11656
1207893
5771528
2296661
1962706
5354991
3125914
1313597
3742901
8812298
2875476
19020
1724747
1120747
1521935
5352998
9788474
7543916
4333907
9589557
1899032
4921210
2790714
2882337
2801159
6534834
2357545
1653795
5289718
2195050
1562706
2932543
3856219
1278276
3396075
716307
6572710
1601846
784292
2143713
3957775
2856522
140109
1986694
1618085
3237078
1746537
2772347
6382437
7569644
17402
3171511
4338918
2937020
3577078
1925264
2434055
1409575
2534964
8276860
8726554
3246669
7777654
1449159
9524251
1170759
1275279
227366
2196829
2734901
8660729
4130577
4340985
1601654
7993406
1727672
2665932
6308514
5286055
5603275
350257
1460215
8756954
1716772
7333808
1344506
163162
5173131
6112568
6578800
1676976
9677437
5260591
5448492
2896684
1949288
9497097
7660021
2330831
1934031
675974
1744446
3967792
125554
2859952
3231322
7734348
2906338
3345357
5596112
7849921
129240
2814573
3542894
1832781
5777885
3967075
5619310
4926200
3441291
1478232
169739
1240051
810781
5880150
3979959
1950375
2367005
5580031
61917
1571117
4238388
8501278
3473714
2455295
3970130
2951767
223428
6124767
5544660
7311503
2576947
5188116
3991404
3504728
6160764
1672449
4779241
6415968
1519024
8675129
114204
1152594
1325413
1478856
5840115
4121676
2939822
576373
9236902
1349452
7573473
1720421
5481044
616389
7102996
1391011
6922366
9398486
1384937
4971866
9585957
9803753
2623969
1818943
1506119
4198033
1763231
4368525
524622
2147552
1998014
6175280
3513905
1733348
1418693
4348018
9660350
1454625
1411518
5151191
1963516
5141695
6171061
9766771
3849552
4567537
1976895
54008
1646433
1143368
1476452
2245736
1457911
2992195
1266632
1135632
3601398
1160873
6307111
1235542
2720850
2792343
9575291
1898575
2766700
3812792
3339484
1693402
9702067
4396190
1172817
7390712
6147233
1405254
3538567
1832775
833174
3771758
3873470
4466718
4131210
1550871
3933071
1894342
3583253
1189738
3507205
4321731
197059
5234100
9125766
5660786
1928493
7559571
4722012
5500565
2159925
