7885290
1741059
3919212
2280896
4437767
656720
3797500
2240938
46708
3863663
6300743
6733137
8596920
1839477
3177591
7683732
7385204
469886
1673025
167856
3619050
9249899
6806980
1664308
1485920
431372
337844
2431386
2874001
1952144
2832292
467319
1569068
3211126
822199
6779143
4518097
5995204
7797415
2741665
455165
2256465
2632670
5595206
858433
6114441
1253791
6503666
3191549
1124592
1182042
2398545
3686475
9809309
7186441
12868
6459734
2225052
9495529
9761462
5582164
1228144
2482507
2915683
5121594
7464222
8358768
2517412
2226412
3449032
7900208
4867417
2783946
2472070
3493952
7333413
1128748
2125946
1152017
8535828
7317611
1475906
6498557
6431534
1356189
12879
8670440
1471830
4755956
4377709
7550922
3789896
1357635
1666934
1101014
870697
1340765
1308288
6898461
1578654
1354761
4297300
221112
4923387
5419369
1346037
3367593
6584674
1725245
674874
1708165
1614123
3109724
3969334
335810
9371404
1271869
2818957
2291950
6710266
2180312
1226366
1216860
1732370
6979791
2197642
2524871
1744259
9136047
1696399
1686272
1680775
2924753
2730693
2356929
1451768
1389998
2302900
3207758
3607496
6811106
9198042
2480573
1142814
1944808
1337108
7928151
8217023
5588986
3785755
5120970
3306537
3671610
6755751
7443541
1467988
7205268
2968210
3474097
6263815
6123610
1464496
9676977
3773728
7419119
1532276
2538602
690750
1422048
7343578
4486453
7255137
6179131
4233402
8845325
164606
1997683
5269981
356783
8229649
4800035
3517421
8291308
1733342
1205356
3158717
2484913
180001
9892119
1217487
266196
4387033
2496348
3436650
6384143
3569032
62030
7887458
477199
1855569
6799781
3386416
2187540
5600946
2134992
2341179
1916744
3358135
1338194
5540081
9185948
17410
4923054
9596962
2630818
1855849
8663135
4731550
1352480
4316134
9152545
4771391
1210642
6713280
4600999
2590354
9478257
191906
1585889
5935714
1727702
1486312
7359872
2292576
4954859
6868130
5856443
3633013
5466722
3413036
3587054
6353784
2679556
2651094
3311836
7913545
1283972
2781637
5584796
7314411
2729103
446095
437012
5120633
2576937
6480169
2897384
2859148
4121483
9434220
5890903
7279105
2766837
3124374
160948
266105
8577198
7275013
1358144
3900156
2945176
8437848
256580
2444227
1593191
5900041
7698636
2166464
4268531
1138066
4886601
9472453
1540235
1771451
288523
3614890
5642602
2862967
1592241
3227755
2815549
1691598
3747095
8283831
2555539
8341492
1377987
8718344
1721199
7628574
122660
5784308
2247216
9506025
2957189
1193651
5470524
1112841
5833034
9340218
1336925
3952800
36173
5133409
1458285
6142433
1264075
6837231
4228277
1736862
3612525
2481277
3159037
1565420
653213
7184110
433998
3859666
53744
280438
2932813
599202
3963255
3212059
768689
1373577
33571
1554368
2985071
6630230
2153643
2508307
5812074
6345443
1286657
1523494
4690634
8647894
1540730
1830009
6628313
2308614
6268724
5115090
1542084
5344147
7130866
9527837
416239
5205382
3387208
6923952
1744151
2849196
1572637
8512154
6108903
1491554
1108196
5367791
1987161
9369533
1387870
7459388
5792471
4988101
1409260
3398080
8741157
1240805
2819383
7262246
9173857
2114840
9845558
2577909
9427713
1757952
2591323
1286752
2801641
2119575
3289525
3165063
2822102
2856856
3675993
2829034
7882882
2521102
9105857
1748137
485483
4219533
2788148
6494954
1705310
8881852
9702902
9223909
1970482
188291
7363209
1846807
3816410
8512183
5984781
2135970
1936393
1146506
6539875
6315177
3271436
1846132
6995919
173541
152453
2701184
3180658
5144476
8946503
1958209
6808358
2937933
3180349
442228
1217147
2701590
4762636
3518836
9583980
1216663
7805025
3548416
5819458
9105066
7539747
5120507
9550061
2954862
9526235
4716544
6513228
2425365
1750716
1122150
2574430
3699806
1949398
140779
1120750
1272463
2795969
2685406
1270496
4262364
2262247
3758705
4382157
7189050
1268775
1803119
7671050
4800285
5988606
1781582
5990853
2248007
295788
7559647
4408778
3302158
3889863
1189085
3358575
1481615
2801597
1518820
1871315
4952874
4196301
2713817
1520199
744421
7545196
5655272
7987437
2167761
1794317
9498013
291519
2949773
1921777
1376432
1730938
2756744
7933932
2266679
8111917
2637253
1623678
7210308
3210204
4451642
3799299
1207319
2548304
198740
167371
2383287
1816513
213474
1104844
2906420
9573706
3617133
2420884
744629
3839300
7251179
4482430
1971383
1362274
7786467
1100157
2470174
9957547
9363484
1413221
8678013
3504705
1694443
2780922
6887282
6996297
4456367
6434344
8924856
9138637
633061
1960846
2116666
7783095
87987
1644725
9234765
190480
3701664
3961021
1905518
2941767
8668583
1437464
2948754
1259512
4358892
6200326
9958485
9848945
1596412
5547341
2841792
1926024
1103872
2847378
3887657
1272924
2842626
7903962
3186810
4573499
5540249
6985306
1213714
4734498
1102195
2232775
2729950
4820750
2256231
4305272
7810976
2466016
2442531
2147425
1248641
128422
7680368
5703174
1468729
3428985
449616
1588330
3683751
3766838
5545666
2479313
4527097
969338
8124918
1748576
1860527
341378
1335970
2691950
4974741
1340438
3592094
3132347
1561206
7752468
3757623
777927
2310295
3161059
8818542
240063
2758341
536342
1240039
1188087
9605720
1411369
1405949
5510097
1362088
1310698
19634
5966748
9928746
8639228
8503540
1731477
1347530
1441539
1812218
6172483
3564736
1525803
9230702
459475
3933052
1204336
3287726
2303830
4557348
8917562
6148164
7835866
348121
1417100
2320180
1467246
5417354
4946130
1540089
4861141
5746416
1178916
2523870
7877832
943809
2979509
1860537
1121478
1316377
3557879
9568324
3205033
1862928
269832
2860998
717222
1952666
1116020
6665327
1485499
3978972
5954119
2201848
4261421
7282306
2270340
1374235
2851162
1343881
14432
597701
5441059
1658654
2520609
1556308
1348283
2817414
7347880
2149060
4880752
8635209
3216041
1380850
1766720
8657810
5926955
387218
2142568
9273963
8852164
3572416
7519764
4231635
6339257
3661193
4979083
8398522
8275648
1592869
1228155
6299707
2951083
1650341
2272273
1675945
7266957
5927041
5643491
1535702
2758968
8178377
5723810
2968291
4738632
4610571
563392
1965691
8669455
1884079
2666938
4202658
2679517
1232239
291944
2654799
2448190
5799918
833316
1491812
7676916
4879674
1401678
8182697
5264663
2698348
1656255
6701124
2905067
4740046
4794411
2105826
1734009
1464370
566185
5247987
2388615
6130502
182579
1761738
8165143
5882555
3400439
1605713
1735359
1687804
3431961
2410542
2811180
364448
5482705
4165130
3292840
6224876
1352996
4786609
3244969
1696955
2864188
3632320
235403
3389273
1266052
3457510
3521119
2795651
6654537
1760490
5417756
1127279
2718547
8495004
1394581
9871394
1143652
1695186
2733808
4955384
1938175
2443427
4498179
1226429
3983236
8558226
3288287
1161795
5514878
4903303
9800678
8214940
1166701
7462396
2815089
4392530
9171157
1242379
335409
6308175
2984410
5859800
3365119
2899149
8579858
1518792
7394126
8294657
1970091
1413305
2667226
7827671
1413075
2373703
8516792
2898573
1440922
1275979
5376958
2410998
1669614
4237749
6786602
5792472
7190963
1459395
9903969
3342980
6643806
4303009
1361809
6909423
3953459
2507192
5683203
2412373
1678221
4595360
4901575
2466201
7133956
272955
5913675
2993082
1432995
3694318
289703
1611690
3583688
2938096
1121163
2477335
3297195
213380
3564863
8574521
2567439
2795614
1123195
1155186
5760632
6959974
4454043
1111956
6102174
699616
2917034
2932007
8529013
1526272
2195765
1154169
2200012
2372578
1158763
9992805
1532452
53931
1621809
725426
1601202
1909354
1876197
922738
1453005
355626
169136
5185209
2668206
1641131
6203152
6174517
1854761
1209055
4629602
3189423
1553433
1991255
371805
324603
5809120
23075
2314252
1572912
2705254
1554589
3823050
2421572
1140099
910907
9853184
1468908
3525439
1210703
1510325
1417251
139149
5216691
2518812
5878399
1515251
4707694
6172980
3718626
2857524
6605694
486150
1593255
5414228
5119043
1782331
6876402
1641576
1526283
1173709
1848452
3818363
3328668
1231377
1191846
1510052
6715344
7455305
550582
4566789
3785341
5751756
2876500
3289172
9807676
5856238
490550
1910587
4324863
2634482
1471374
7393281
2171452
2702917
4289078
2402818
1108505
3321895
4908517
5167247
1544895
1912074
3503928
1158433
1588673
1899553
6658185
498524
1173150
1622575
1800895
2211749
1831067
1652093
4585187
1388243
2853306
3221930
1892677
961287
5304321
5161260
3912871
2676481
8675433
1682688
4392478
9923281
1541144
1668155
2209036
1450109
7595446
6609046
6999799
1140086
1995104
3559999
5935899
1350314
4575071
9224813
1629252
2504077
6526458
6106850
8813425
9735087
1159727
1782538
6934640
2152900
1478614
2741903
128792
4145752
9291001
3129086
1476465
1171473
5662905
1875019
2518418
5278190
7653165
1105628
897737
6422949
956495
480267
1428016
466999
781911
3106477
6207892
1961592
3844871
1852998
2227862
5594423
5182340
9852767
1284661
2785115
2362892
3697804
5913798
7734519
6208024
1276965
4231391
2123819
2505670
7291334
8125613
7669997
2503804
872849
2351401
981680
5737659
3193324
5779985
2233186
2439987
1245258
1552863
9417014
1215906
1420476
1910721
1944241
3121865
2963963
54825
1140599
287996
5442109
2188976
4223480
1462311
1700355
3960350
26171
5749814
549044
5854320
9685115
4978507
4140635
9884292
1216601
2737662
2548555
5406884
1809380
21517
1505622
464538
3583385
3491364
4596378
1195007
9501416
2949279
6466813
4361588
492876
1212624
9229932
8100378
173814
4504676
99316
6697100
3281028
6137528
8259492
938435
2497975
3803218
2383161
2627911
6443710
1622224
7776571
2243552
4256247
1835879
6900581
3770868
4225048
7304347
2177179
5398355
8311236
5846741
3318804
3116153
6645086
1691893
2467679
2375220
2195669
3166521
2837515
4300148
3521239
1501056
4489967
1690346
1152140
3297043
237591
6371829
9190562
1649129
183675
7335799
1425671
1298745
1670877
2683799
4354570
6237395
8562098
4677812
1539816
4553724
1693629
1651647
1812059
1772398
1317955
120805
5803511
5724953
9738243
7314152
5127619
1425206
1586409
9513654
4250316
4491820
7140981
2983740
18367
1830053
6930795
651355
3369558
130250
335527
1609716
7213185
6707033
2126133
1785122
1870577
3951854
2444223
6293462
6356898
3603586
7740229
1135253
111181
2996500
4729474
3968626
1231831
1668226
27860
5301738
8481965
1275748
7801970
7406358
5246824
9317079
3245369
9685592
3686994
7821249
2559255
3373330
4735283
150659
5508406
3663050
1808086
429515
3175170
3386237
8699004
5246772
1151234
3767124
5353885
7161123
1538468
4334290
8487062
5342888
3123902
1946398
260825
792298
3207759
2375003
512220
584509
1778905
3674603
2477907
2151971
4434285
2267374
4766497
1601008
1794113
8331868
147079
8534601
1345529
7958271
2252788
1350224
2463081
2623076
3413488
6508787
1349694
2107151
996916
2509200
6259778
1292204
9440334
3792184
4461897
1670421
1927675
5532636
3141078
1630751
1599213
9100588
8920589
2214106
1591224
5566107
3225677
4278193
2621504
1234017
4686967
3561903
8878560
7617452
6717637
4871004
2638689
778000
3562553
223374
3533894
2787452
3126509
2983726
3513374
6504031
5177896
3561237
4691765
6149632
1820952
1732231
2893120
6959081
476135
1654844
4660180
9231929
8773868
653462
1348709
1613559
233708
1720126
9703023
9863002
6478956
7451611
4338396
2647268
1407638
2404925
4245213
7900650
1563545
2135442
8203289
1732244
1514397
2856392
6675200
4349807
4577412
8831395
1897365
1304656
1527894
3684049
1909365
1438089
6701912
4858615
2690569
9656457
5979133
7736822
2793551
1867891
3853744
7615073
3371763
1103415
8859644
1177173
3501526
2846149
5765130
9297588
3293915
2277001
678669
4330975
3881651
2143048
171424
2508116
5430887
1961692
1412903
7621669
1984041
2822940
1651873
9782065
1188299
263759
1203173
7503398
525126
9402640
7916407
5205917
7761615
195883
3223062
1283666
2512165
1721392
4607237
2160673
2875521
1488173
154343
1857524
157333
652837
3256531
4110161
153496
8542402
6180081
3727674
4270057
1857325
1493037
180478
9365370
3860420
3685808
9978629
5637654
210788
1227511
7216662
2207002
4678541
4593120
3771828
2391959
1903130
2622790
8511360
1863517
3472837
881107
5211310
6531970
1832084
4833010
1215289
2564336
653115
4803505
1494136
3267515
6498774
5254708
6498988
5555359
1842252
1559104
6143729
15190
4415312
2646385
2283828
3831712
1260143
1174334
1561686
330521
7832668
9588988
8502188
2669678
7454008
2770947
1866449
1953554
8560730
2953568
3323480
1884442
1126040
6352987
4538703
1214867
1213265
140586
3556215
2386118
3208872
1112413
1282409
1746914
9196618
9851179
7427834
2623282
6422649
1517732
694968
1848219
8790978
6756756
6134357
6753217
1914571
1987339
2156961
3212469
4375025
8456205
5341369
3479314
6413356
2551090
4619561
389026
5737683
3606020
4870779
1285352
1265147
6225277
3437911
2655300
3555301
5340732
1816892
2868391
2785423
5414972
4422473
3489670
3762721
2302428
4856944
7182308
9995445
3566900
1797890
5375421
2115091
2419734
1432873
8774626
8167561
3900033
1558064
165173
6967116
3352836
3617471
8593985
368019
1129364
1593944
1796533
1404959
2519277
6728989
3755549
2166942
4294038
7202944
4921703
2283985
7673374
1488311
1561762
1825435
3999809
7681724
1671098
7895622
8895848
1723772
2372679
34390
9960102
1788684
6861243
2424608
873697
9236341
1681009
2869583
728839
2266724
1958684
2514463
8635742
3936977
1362749
1889265
1148872
4484308
8372947
1491154
1244284
8548868
3119785
1948947
1199258
497038
323282
1212843
5385080
5871063
5449073
2121648
2300143
4672043
5909977
1246502
245675
1781725
1370787
2526323
7412327
514442
4431319
2242770
1427216
9104549
2466261
9828554
2914521
2225575
7130682
1766233
1946724
6836304
1449758
6257765
7129957
3751291
3570885
2672427
1661465
1614611
3892070
6605722
5679324
2427793
5246466
1646258
1440664
4451584
1141537
1528684
5241475
384457
2537396
2632431
1250537
7207047
1166689
2752823
9739596
2532004
3802439
2600294
1327420
7209654
6309033
2497220
494888
1897164
82949
2235424
1612419
1280483
1903883
1578010
1255328
13866
1588220
1881454
1271131
2171464
6454551
1954012
6806024
6209579
392903
1751684
1248177
1790071
3577226
283770
7895720
8153851
288656
1562183
2476129
2247151
6284135
4693295
1209914
2859780
41478
8423154
1758333
1751134
8713891
8102807
1449595
8734078
1727022
4632185
6473852
5294216
1610179
5332965
5916703
153683
3898438
1584050
9907992
1234047
1533902
2367945
1840882
4866159
3705753
2433260
654688
9239581
2973809
242886
1678973
1687365
1919082
517815
3446176
778695
2418039
2791314
2999170
1647824
4816734
735639
2639438
9797943
2249350
3802479
1549670
5267785
1681096
139900
4219426
1618667
3641939
1856727
3253052
1437236
1914482
9176061
1552366
5504641
8206976
424984
6915679
5597616
3968556
6171172
4203711
6285112
4103175
4600536
1234890
1560477
7970529
2782236
2427170
5155292
7900794
469695
1861261
2750364
1439679
1157752
5852591
3626518
7103685
4644424
1824804
1648737
1236679
1199439
3485689
192090
1922721
8890490
2324403
2245748
4694366
740532
5986717
262477
8982399
6295002
5654538
3979674
5704736
5629903
2660518
2743639
7755478
6171700
2113559
1325545
2598703
5327075
1438046
7104056
7623842
1282242
6527486
5693541
8962342
3790898
8989196
1597688
193243
628826
1708783
2681391
4671033
4354076
624780
330080
2240144
2799315
5239335
2350514
7902999
219900
3545885
1458539
152646
3909867
181374
1432868
1244224
3586826
5511446
4752293
146855
2382488
4518442
7913137
8896006
1499049
1778574
1313460
6589956
2924568
2663230
1278549
3175319
8770154
2968333
8717596
1406069
616473
8350310
4679713
2467960
8755599
7898272
2427940
1962552
1960270
1827678
2893781
2854414
7487837
13939
4897830
2537246
2591479
4168254
1679022
1686051
2926477
1484380
9500648
7951908
2953694
4416626
5970305
2920414
4321290
1550825
1666344
1534305
9900656
4125154
7501259
6369950
7119207
186829
2363102
1909726
6372782
9377087
6943922
3177500
9499185
1567604
363097
4531720
8759038
9107028
6685545
7970803
1741040
7917188
3570764
6260432
3616381
2281940
1701097
378471
5433067
1423571
2666589
269035
1276744
1109210
128667
1282210
1472153
3133242
6775766
1375981
182566
2861462
1657844
275628
5983617
1531843
2100973
133058
2933802
4116375
6510402
4648659
383745
2714399
2351807
2816372
125531
134196
3986293
3367758
3751868
3139063
8259228
8137505
8763664
1390620
4128531
159411
2391858
3445332
730180
3901014
8104920
1840891
8329363
1231835
2486284
1835937
2435337
1455905
2933133
7385034
3878784
1457990
3995125
6355229
9367382
4876207
9732096
2646198
5216684
3382457
941990
5494984
5852843
2293178
5841024
1677634
2456213
1354719
987318
3385286
4734521
4522292
678282
1177963
257705
4634195
2751768
3161861
5903364
1807877
3978657
4911316
2977814
1934439
5902017
2319219
1415331
3465528
152599
6733631
6719250
1624667
5328216
5879294
3742262
7829941
796416
224060
2310265
8467833
1139149
1302564
7943809
2221455
5313664
2340649
2188126
2481744
5153603
8168012
6504848
3970906
3333714
9245374
7572292
335787
2880683
5408357
7363660
1629286
7687520
165201
5317712
1684805
4264881
6298826
2930426
1801491
4776102
2258071
1972567
1960641
1427773
1107382
1332301
1694688
2627338
2622551
1965364
3146293
4807992
422967
5121147
3340207
1186039
3757076
5742909
1103011
7433254
5491518
5172991
9844362
2973708
2199190
7463898
2390645
544882
7258946
1432525
1920754
1334696
3987891
5781888
4512816
2964536
2543241
5680703
2539086
7430386
2720041
2505972
5491856
5800172
1231400
1555044
7190861
430341
1110433
1327547
422204
7387869
3566705
9620790
7962210
1473709
1816066
5572530
5478362
1744277
356744
2758649
4305721
5641643
1791989
1725014
1757982
8877887
9246917
6221984
1162641
1921165
1563170
82766
1622077
3199364
2699365
9918613
3206375
3618024
8645493
2847773
5990653
1977003
1180633
8213850
3516610
3978729
9920221
7216046
4166912
6116150
5353056
2486847
2165270
1924177
7347730
1609993
4629971
2208382
3895764
4824263
7735198
1664694
1880217
5449241
1778604
228032
5574021
2832261
6844724
1813221
7294251
2359031
145891
7556608
2325953
1398678
4542671
1576903
5170293
7877221
9104001
4206686
2207589
4133925
4105937
1525492
240693
8349296
2496704
8806921
6247005
1531538
174397
8318310
7165135
5735041
8258414
1367085
5718298
9155862
1682579
1888485
1974646
1859867
1644200
4806492
3926754
18659
1621683
1595323
1237362
6618105
1959878
3669103
2590034
2763775
1357746
3821946
2836391
3886206
5584044
5489008
1437664
2250053
2695474
2571380
8668079
8403940
3531719
2600820
8872525
3725831
1164451
1132905
7859137
8482667
2873139
634844
8484101
2336493
8672550
2739466
1718037
7653620
3803521
6627382
3888118
8697831
5508968
2668602
1333295
8933671
1246523
4528436
1264436
360849
1225826
1840969
2863334
1206319
5359797
5126335
2125806
1294683
7877503
665994
342250
4268969
5716926
1161834
4854095
6829595
4797277
1770213
3452407
137805
7784713
6254571
923093
1166038
1230571
3620737
1882899
5132401
4710384
8139108
4747247
5877812
1615845
2309682
1938922
4873819
2238261
85846
734785
4403611
9646075
7352689
2212514
5196901
4843066
443570
2340927
244044
8307827
2505879
7885863
7411331
2416029
3729562
9210135
3779079
1171334
3897263
2771336
6654918
1969560
3219519
8104643
1978396
9877804
2276209
1295393
1633279
2786091
9109641
4408459
5734963
1726774
3253756
1792837
2241507
8986037
1932130
6631399
1548210
5302930
8579245
1329809
2910535
8837705
8392542
1519095
9332420
1614902
4904309
32768
266730
1251275
1753269
8996145
6828986
1283574
7565677
2301663
3284830
6906154
3834073
359657
4667203
1545965
36633
4528194
3134216
435883
2776194
2222793
3883415
4553889
1912811
8974145
2465465
1445709
1338527
1520419
1948580
2696073
1724330
3424017
8798887
1537428
2595283
5715054
2980237
951689
1856773
2680316
1699143
6396419
6501829
1921170
4355204
3927912
5827957
9765762
1683356
1257090
51839
1533354
2366162
6514356
1133848
3966171
2343145
2672796
2248423
35003
4279735
1394202
1259152
9765195
2913621
6307190
2814084
1536502
3517165
2612711
1791171
2305108
1706440
6737934
2993742
3666011
9370272
7612016
414972
4185698
4579295
2509866
494039
3183508
5391201
7860306
1959248
4363173
260273
3951540
4181374
1336298
2838837
9973834
9808210
6747088
2347023
5626264
1273115
1585567
6521158
6260325
157783
6777649
4866347
7960889
3687151
342367
1545863
2213571
4555570
7287832
8483885
1950646
7104695
4323178
2367711
3534665
8492212
4909029
1376241
498569
4618466
2561684
2806147
1591992
5373192
4307741
337856
7623720
8899827
6887011
6347449
7627366
3336081
1804579
1608071
2239339
1903452
1620278
167379
1156886
5411867
2388799
4699475
8770636
314367
2679290
7964467
4811721
3890325
7853921
7487890
1153928
1745216
6505665
9202692
1869991
2458908
18827
7641980
7603324
7896243
3697160
5946900
2596172
5638617
5648001
1224253
3937489
2221272
2738579
3821835
8603978
641954
5426090
8558424
1396165
1907006
4321757
6227489
3347806
6606815
241687
4369413
2307337
5476633
6499509
1781828
1149494
2847152
1746739
6194940
454042
9367199
2826463
1228826
7585260
8702546
2906699
1327931
3887832
5212686
1975106
6617089
8638069
7634456
6875800
1419932
6379183
1916932
7290845
1963662
6808264
5359826
1468074
169850
1874855
6565404
1494646
249930
365155
673308
3156063
5786092
3534932
6797018
2166932
9242575
3734675
2134384
1176784
2206110
1710224
1946005
2154788
8105496
1198204
1805535
1261013
3741644
4609142
7873781
1835159
3326331
1256287
1694686
5569996
8951661
2481323
6821941
2630565
5813366
2864231
6295462
3121528
5476524
4478666
1376426
9566701
1933023
1684833
1948324
325022
2572583
1164145
9786822
8131022
1904233
4221093
5239365
1913912
1299629
2601734
1917165
9915343
4656374
3890595
1865416
2171966
3931174
5751600
2493835
4209994
521727
3189175
1209688
12468
7274134
1681011
7907095
2805169
4153383
4942937
2123030
2159773
9867268
7913957
8124404
4245294
5289448
1719123
4439944
4541382
2333268
7676860
4964759
8125351
1777617
1117161
5728229
396922
5740177
2120639
2811528
1926443
2674249
1341018
5952813
2121061
5148492
2389229
6175195
3737124
894219
7308612
1956943
1256717
131097
1210211
1177967
2633633
2105388
8909902
1414847
2706445
3454012
3464039
6437378
1614827
1670437
164628
4211635
3569034
2158175
2899080
4102089
1956405
7595292
2639906
1486354
6358201
3550963
2712773
2278235
1270282
7444701
3481447
2280093
294630
6425803
3108243
3792167
3894257
1884506
7438626
1718256
1321883
1841467
2364426
3290588
5644127
1958340
9988910
3941790
5592594
354155
5400424
3943210
168241
1453408
7192653
2174154
425630
2439257
9180407
3405347
2968703
2746258
9369907
2101630
3501501
2841380
2947118
5274701
3444331
2187907
4537311
1241686
1655735
2938005
1246866
8215972
27471
1255571
4925583
2626094
2608003
3163360
1393565
6840031
5651752
1991040
2116896
7555166
4486340
8997098
2114808
1404325
2727309
2799511
1985686
8258407
1252443
7772732
3724817
1986563
544280
1133630
4340877
1316390
2838067
1682840
1134619
4488525
4495087
1456830
1704146
8951078
4438920
3147134
3432938
6835240
4202813
1540844
2939067
4108130
1876959
729077
19351
3901767
1337867
157838
5619040
9841612
9709079
1680466
3930029
246644
1588868
196202
3712302
4169666
2984006
1311748
1145362
9223593
1258284
1419884
1147983
1452679
3939932
9291777
1504121
4770697
3841885
3248910
3492084
1727559
8805495
291736
196386
1542563
1217676
2486794
1993666
572426
145619
1457513
3782421
4951383
2163769
3509442
2512683
1856017
6799946
9325407
3987530
6545550
2466555
6926167
1626066
813379
1661181
1686245
189903
2237841
1421551
1487005
7361450
4520559
1698295
190397
1468303
2941885
5541680
5418507
5812799
8506251
160009
39254
1918862
1262003
1309978
4351320
9553782
8749241
4908083
8818702
3199335
7274770
3900721
9839449
3580958
1197331
1566892
7932685
2819364
8132778
1197711
2380260
5136547
9458914
9973421
4389748
8688871
169939
1376808
2946609
9923422
4517299
1875684
6100514
1905759
2393479
1605584
8273516
1380541
1702879
7907917
8273055
1715529
47178
1412857
6442246
5914414
1657706
844537
131799
3835150
5814222
5548735
1659828
245796
4216784
7230505
6714842
1210205
1290332
4730908
5952205
3714152
1139914
1240802
1524822
1633077
1189732
6735491
3882583
23160
1691828
8327479
2594787
1450398
752829
2878976
1945078
5545935
4899787
1640706
9855707
9983464
9702021
5393039
1388521
6556060
9830523
1401467
161070
8972278
9398548
1648218
1980411
4886034
217560
6679464
5612542
8856025
2569314
4581474
2724740
5332532
1235150
4343658
1380577
1271478
3689170
1887244
1710931
262594
3332173
1703032
2667629
3756127
1221086
4839493
2743361
5711796
4129864
1285362
1595830
2951948
7965383
8794168
9953059
3602968
8397764
6414661
6853710
2799245
2320156
5879762
5272588
5327415
8996595
754900
2953671
7895299
1659192
469785
6202823
1683127
6790156
8692327
4629803
5551322
13768
2269128
5306474
6815741
9589699
1865830
2964400
7977634
1104635
8179195
6628014
1339566
1872351
6895421
1863036
3673440
2363135
3657812
2692646
3459904
5585491
2127558
1528012
4872290
2289055
1316513
1672117
1286101
3563444
6588258
1725838
5800273
1687671
3887833
1892161
5270686
6688278
16925
1355404
1361731
9967937
192791
7987429
6300860
2581516
3999821
2266244
1825941
3279556
6264087
1195086
5627314
7570492
4449044
5284167
2843625
357251
3873908
142981
8191483
1415101
1295707
4491296
1955308
1694123
3101614
8602011
4797279
2210177
1645310
1945293
3989906
199071
4161014
245332
1320288
1820816
6660891
1257941
2693708
6813923
3680785
1335214
9496474
5136327
3709370
5237143
1128857
165469
1858909
2400975
4731384
2192077
1962502
4748063
6610172
324576
4628632
322383
996203
4927708
1971058
1924859
2699215
2719447
5448372
3446915
4652467
1927630
5252781
1877521
1876378
8392390
7851557
164446
1214005
1899086
1364306
3651178
1175145
4388085
498553
9866306
1683340
170941
4324560
170050
6268476
4519370
9637021
9268907
5636542
1126345
7328321
2388362
8729602
3879726
6414862
4948391
3636503
9793569
5387277
3691746
3961149
2541329
336865
7930927
1148762
9162369
1472979
3514510
1912910
1966905
3338015
1248640
3491226
2521031
5141433
3404011
1912837
8230692
2267664
299587
1848952
4399611
4929562
125114
5421683
1225680
3695314
3973213
1615674
1653374
1530711
4112890
1814395
7994944
2252906
2622556
6155978
1313349
3739388
954719
2483115
893784
6136131
4520892
1475044
1839134
5933034
343006
1865814
217103
1778774
5935206
4582932
5416880
2796343
122635
3752531
124198
1961081
2119480
8305335
1452300
4620559
2530048
497975
2302140
3403042
1878200
8676933
5806420
1100069
9814441
1891518
7758667
4669343
1866660
4145661
7358508
2838741
9301648
8661028
7240473
2926831
4798908
9550795
6665957
5753838
4935090
872563
9825053
284712
1524266
1795429
1591483
7250629
2904285
2564833
1426435
1654326
1633901
7449330
1417580
8773191
1560958
4551241
3231953
5444045
2850372
1216554
3576044
117863
1586422
3141139
9224437
1894434
350245
4404734
2996216
3380053
3280889
1626434
2824111
1855565
3744145
3984244
4725776
1550616
1336307
1855028
3266907
2912160
4446561
4993435
3339575
1864497
1339703
4446428
5356184
3276493
527228
1415971
4568465
2891778
1815385
6998043
1591926
6405014
2901323
1921347
3952549
2506277
169154
5347691
2922126
1794032
2407751
4668231
6384715
6968478
2876225
1171725
4604303
1294357
2261161
2128485
6848205
1446712
3579235
5536093
221811
3608743
1112945
5831956
6309132
1724090
895728
3366760
1545252
6782456
2749873
3544696
263924
468869
2908311
498449
5203836
659409
4429833
176966
1156999
1419784
2900095
9323027
3596573
1566870
4170488
2534226
1884665
1927626
6260771
8871843
2730373
1487719
5631594
4780433
4208501
1830535
3880948
3380294
592114
4374527
3728425
1248781
3320420
5304496
4413809
6278600
1739779
3459155
877324
9230972
2156830
7744893
7469845
5721829
1133634
8518327
7708183
1999258
1786991
6888573
4972631
4892017
3401977
1292846
366007
9554483
5392342
5841611
148903
1508700
9190561
7972781
9283620
1431432
2703210
483162
1117694
9892848
2790489
1203914
4766495
6588007
1414620
6270868
4267378
1301731
564990
6740247
1984370
1839487
8799364
4755332
7750827
6931331
4565939
1776040
4901340
5139613
3303779
1343066
1950223
4745188
9778095
6536958
2729369
460585
9853558
144223
1838622
5180152
9815990
2861122
8750505
4695508
1956335
5852450
1275721
1412486
6344623
1405378
1228774
1249278
1799813
1983168
5776907
1863918
2550616
4291502
338270
1745694
6830386
2533314
1854909
3486752
5469931
2428366
9858162
4334809
4859461
549526
5218699
453874
2568880
2915971
2529464
1788606
8263756
757976
2169973
5661256
1973965
9108850
1364541
5469343
2836676
1585724
7546935
8886747
129566
2531821
8946088
8933425
1304171
2468102
6255600
7227224
7877921
9216649
623723
7370575
1338286
2324723
2838174
1129155
1229985
1399098
3321149
2791493
3821611
9273885
1759693
1268880
1117424
4895271
2852228
1942169
1362139
1344899
2547887
7504342
244962
126512
3304322
2276929
2590452
1788842
1518956
5625679
1815291
1645694
2580516
3104515
2694749
6245361
2924943
2918563
5525683
6458574
1274254
1568646
4157250
1674815
6311210
8329398
1840758
6135479
2516203
1488003
3643214
1299452
1337331
148264
7307445
4962442
2694168
2385037
7103918
3139134
222043
3587735
2117995
5737238
2632579
5909355
6906384
5482407
3121782
5496810
1838139
1621933
3726196
7326734
2615180
5872040
1454236
8568878
1432111
2867544
23937
1882164
4192955
1801666
1839980
2567166
7516262
6483560
4391902
6655298
1931737
9539389
4548573
2558183
1750572
1365809
2793955
8707929
8260237
8210976
1297114
7643042
4883974
1978251
5120018
6722673
1625557
4629202
8524209
1315579
1378854
182068
2819544
1911775
2343477
1788612
1590098
143090
6683342
2373461
8541608
7490145
355397
1141439
1525192
581106
8629503
1414981
2712280
5576846
2415014
1181292
1634456
1732711
3490724
4745167
4805175
4165184
1425087
8505653
2902290
1392254
893900
2445234
5378393
1888719
1749229
1565046
5431439
1266548
6513987
1330388
1221498
3301391
3380971
4141512
8106761
2271145
5411881
1409204
215754
8706350
5355714
1992090
1799236
1619367
652057
7780
3464090
760644
3365910
2922517
2968252
1741418
7315594
1662133
5667194
1978171
1700758
4725398
4972907
9190355
4357653
3989281
293376
6608893
2450355
1564776
1424868
6840708
2374048
3895028
1936433
2654353
8917628
8790291
1312589
1436263
1152169
3879735
7310176
1621679
2697647
2868031
1520415
3896804
1858274
469109
1395194
2990141
4165535
1286375
7878162
8592453
225921
1119401
1167515
1204097
5805425
2898684
1930811
2192269
1671294
5636361
5127258
2479944
4526061
8275102
5286665
167501
7891966
121535
1468983
2422912
1240859
81686
3381506
5463781
1180443
1273241
4962096
1907209
2859819
1879958
5267526
1269102
3962445
8108330
1819954
9858798
2960729
1799060
413985
4481103
14610
1264273
1232766
2396559
1622156
3506453
2497228
6218790
6497786
1459012
9851030
2182074
2143479
282929
1352741
1339028
260343
4252056
9998866
110336
2906573
8331701
7251989
1734745
4158595
793350
2927414
9123783
7254972
4908291
3878254
1289565
9478336
1670179
3801587
1597581
4384906
2203927
9339966
3298024
380282
140084
1510783
2958504
6250973
9330943
2492740
1732827
1928614
1792801
1924193
4779541
3221651
1298408
9722592
162403
6914984
6579907
1355823
463286
1300343
6333544
4325298
485596
1739197
4751215
1543969
4331317
1108880
1162674
9803896
3875376
1222754
6385168
4223317
1853491
1313033
3680910
5779328
7529334
2603872
1225794
1690460
7120828
1991583
3995068
2445080
3408876
1576259
2419133
231596
374439
4252098
3764752
6410136
1952307
2448915
1389104
4648970
7113560
1835812
3981677
5844253
6421700
4642742
4100471
1328720
1347435
3374365
2786360
1199956
3859219
1221362
8102451
2349010
4712290
1153969
7790536
977298
130906
3470017
1347084
5300090
4784085
4781886
2738635
2921850
1198842
7180152
4449319
496896
1949998
7353978
1618190
538037
6937449
3945975
7942975
1976157
3301233
125668
4808659
6425993
1515146
263251
3810239
7347102
2387910
2192439
8267170
2455204
1194898
1478939
7227227
1435867
3872410
4903163
3204801
8311682
2536733
3562267
9464324
5722328
2731082
2372223
1712328
2586120
5509696
1621442
1829433
1672775
491458
1951615
7979537
13705
1432329
7759636
6490855
2957090
1494512
1874540
4213693
295015
270341
2454580
5979640
2815369
5337218
2479203
178613
4977293
4930603
4164318
2809668
6585804
2557610
2818648
3749654
1371263
3902335
178570
2255821
1471299
2389085
7558369
1400881
4306166
4791883
8786005
1318400
5274139
3320432
4606947
3189145
4845714
1573003
2629355
3354991
2689574
8190978
6600000
1479483
125902
4670097
1104236
2103533
1468178
3434155
4384833
4668214
2403248
2585178
6478893
4977510
4681957
3738068
9561243
7520378
4548153
3722643
351257
2651656
1149911
7279393
3408349
4707350
4778867
459297
5946966
320364
1864375
9978160
3277945
194349
1727974
2271481
8838795
7566655
7543739
1661159
1123193
9123244
4105465
343957
253157
4145633
6364149
149880
6346425
1564236
5994498
8980844
1596868
4957844
1709436
2393113
1741133
9373372
1571248
3157983
2503401
8942190
3413834
139584
3270442
9745141
6494580
7278336
2316298
9253249
3356442
5637723
7923679
8924548
1996027
155123
2225274
2374236
3600967
1543532
5974092
4777861
2180837
1677940
770039
5238335
1618648
8388418
1273652
9497870
463053
8224355
2861263
6654346
1422251
389361
9472427
3475232
5716493
5318242
2177627
8530636
1989992
7348528
6721280
1144729
599418
6728535
9268525
8609985
4594785
1954013
3544197
2959570
1227540
3229625
6280233
1819562
2124072
52295
1580427
1423419
8531588
373730
8290126
2715889
1284764
2622412
4461624
2589422
1140105
2652633
1983318
3299757
8409674
8430469
1319600
5401746
4889432
4526689
2727571
9988067
1957190
3845730
5965798
2805753
3862551
1889560
4607709
1993028
2512420
4405154
8637625
5721190
7713248
1257709
6548620
320987
3964321
1432941
2338533
9934975
3887432
2633913
1963542
2281786
1466731
2712368
175333
1737050
9328971
1129467
1893599
1448884
2638814
470311
7416082
8643092
4662250
387953
2672162
9869852
9164206
1852289
3825212
3983889
96956
3863668
2761738
6762963
7263399
2120759
1434686
3812860
142459
2333733
3121934
5115695
2787169
3849017
4912115
6309761
696452
1954133
3279153
3900764
1954247
1417147
1881103
3776931
6307133
2315862
1432721
176153
6721104
3775836
8946431
9706638
6818799
3330917
3827974
2253983
4750084
7637031
5587272
1399544
8692603
6976439
2180378
1360364
410714
1768109
2316845
9449101
2958974
2783347
1229533
2118449
1797197
5167955
6109531
1837840
5809643
9208179
441842
1834822
7297610
1220937
1457331
8300433
6524965
253647
4901717
2703006
1532842
4780929
4307099
3834288
2330275
347390
5569720
958086
2523053
7131155
2320212
5839715
4433414
3458054
2264969
1308532
6984901
1440270
1448720
1730580
3621828
5223171
3434788
126583
3675213
1230625
1279669
5884487
8863601
2176236
6169696
5979208
18953
7875050
9582373
5613448
3700412
4441795
7860598
2714350
1936099
4425465
682495
6857588
9465377
5786408
4133923
158392
1422412
3537581
5409269
1678767
115241
1875477
1733079
3123961
1998365
1961127
2453192
8587512
197667
3341568
1555257
1136392
6976583
2391409
4419800
3575881
861683
3688121
1424195
7558385
7225612
7600261
1272564
1648499
1796584
1387382
6886688
3774480
4736315
437345
2674843
1585884
3700260
7930282
2403193
4700703
691677
4236686
9694042
144994
1781815
5692284
3370813
1879387
4998645
2829522
6819012
1359081
6586771
1267625
8593288
1242045
2336455
9411353
7564497
2676394
1473935
9739944
6477891
3272074
1273166
1608170
4428024
2269611
2804322
2604792
1744427
1342441
5271344
5943772
1573228
1378350
3333726
3998044
9763770
119967
9156332
1268537
6775861
1119605
2211020
2302703
9727534
6195175
1759322
17680
1110213
8180262
5588930
2840512
1825636
179300
42347
3822555
3340272
410461
163787
3548212
1724332
3575145
9482004
6266716
2118131
1359483
3268436
8913743
5152084
3609430
3655554
1688716
2565837
8741878
3806948
1701742
2274114
4941957
7595606
2334451
3818365
1863100
3322158
4299477
7649326
9639671
2496652
1428445
3719907
1596102
5889306
1819668
1568569
1922253
3228924
2214687
1660398
5259289
1720511
1533884
3822298
1789499
9395388
4541519
164769
1811386
7902290
2704137
2571582
1956977
1747480
1240530
1759887
4486059
2919727
4563466
4730730
2550114
5145979
8661102
7270973
3886929
6400470
8121617
2277341
7390524
7941145
6272900
4738118
7313323
1599275
639526
189165
4989329
2312768
3407546
1411343
1675319
7924685
6866174
3162889
6842694
8217166
4881377
7683146
5952106
2606429
5908207
582101
1160879
5618882
3332728
1259131
9518014
4535615
1772767
5715682
4497632
2281724
6730162
6543594
5760229
7336821
886967
1572771
2932866
2813324
7499263
6421240
1900607
4882556
1685753
1283448
4855833
4299916
4661242
1512454
1722057
9770394
8834103
6905060
1608476
4474435
1556912
5165703
1236137
4558408
1858630
3549130
7998759
8916453
5294902
5229767
2601757
5120849
1860481
3811077
3114628
1806722
4547874
1156446
2712801
1347765
2430233
2316408
1682574
4593564
1252165
6893165
1831306
1598446
2623789
5695923
6826738
1632951
6924272
2489244
2732872
3992372
2206855
1431866
2407750
4419011
1300630
4916944
1663065
150238
1175361
9284294
7301215
1979521
7558232
1946588
5831203
7815537
3192000
1233730
1722752
1721950
1807291
3113995
312355
1668981
7864349
5623397
2505669
9628852
1262950
2729607
1183342
1917814
8619980
4247353
5790999
3251298
5165028
6115208
6511898
3334303
6807654
2107256
5148309
9390078
1822641
4785805
2907684
2279294
1949869
9329626
1330665
4292276
2231167
1955209
4920869
5925911
2360732
7112059
2151308
9742320
7994309
5531870
3469787
2387091
3385310
4439883
3889481
7943963
1224901
3957933
1319787
761846
3291506
15241
4797162
9142187
7578829
2201367
4367645
2671210
1126746
1192709
2950234
8152086
1880682
5261325
8101372
4119196
5135460
7897520
3265680
6570648
2313644
190279
1798790
1862712
9190959
4128882
2661544
495356
2385372
2271579
1914915
998815
1956072
6647864
6390235
2542439
2931061
1592906
1246803
7279446
1759202
3300606
7100917
1891194
1315003
1682844
2209830
1619901
5100794
3430114
416812
1819061
1198694
2834451
4370127
4328268
2475774
413267
1955058
1783695
3243944
1720952
9851851
2545121
3435258
9672241
3429197
1876635
8139623
1707872
65780
3469054
1136439
1668581
1670367
2661762
2560323
151794
2327398
1804535
328989
957202
1531849
1522610
1215772
9722634
2248283
5368392
5941456
1618172
3418581
1998766
6563451
1834516
1693625
327901
3751760
3749058
1953115
1286222
1476653
2664905
780838
2690101
2425616
5323016
6393803
5804652
3738426
1957036
4572426
4440110
1353666
1823585
2988439
1867218
2806520
2183392
7784112
3191637
2422972
2647330
2626538
1657082
3251445
2607646
3460508
6607063
6576631
1171688
1971076
464203
1172244
230568
2562075
6590198
3952511
2103188
2999786
7381689
515752
3850503
3129674
1381688
1352713
3304223
3471484
1925864
6437921
6406738
1441429
2992763
1453456
1152362
1652824
3658873
1235442
251931
2942365
2743105
7137865
3927561
1870873
6520985
5788012
1893174
4596035
8545344
1200288
5981531
1513289
6859812
8838840
497021
2400875
2400697
1210289
2193042
1536116
3742509
319562
2128951
1397348
1298391
4241595
2829668
232832
168895
6748512
5331458
1731223
4882285
1287054
1181788
3305373
8711057
3520343
2360533
1708019
5853272
6716258
3638700
2201102
2879607
9119689
3962932
4398387
1236258
1207407
4425510
5111109
5709812
8332846
1564697
4519385
2398887
2340755
2711557
4165020
3691133
5220039
2769484
1832710
3529783
3729947
4916492
631471
3483731
7162399
9900157
1948166
7563701
1171586
6588038
6502497
8110551
1186898
4569610
4797291
1654012
2627083
5708752
1142224
7807809
4782086
6190011
7802544
9648844
5235422
2315798
4808689
6577274
3220595
5434556
3450123
372860
1635589
2615299
1404757
3329453
1417845
6787087
9815271
1330461
1148327
2662579
1723651
133950
1768954
3843886
8117557
2609683
2229697
1390188
1934157
1810541
7364899
1587237
7459716
4359707
4714067
5172899
7852293
1252596
1316830
3240365
3967002
2577388
2358550
3393066
3361398
5220048
179139
6142826
1829559
3705684
1245113
7892649
2218129
6145458
3170195
2495304
2401702
8537679
2136330
4803598
710056
3275145
2578530
1748045
430025
2333534
1340560
377201
5458841
2274652
5577698
5866480
1688269
1701947
1734306
549402
192261
1509790
1276532
7815525
1477429
6546755
3462822
4866413
1973957
2643405
1302353
255777
2151140
4133115
2932324
8158798
5929848
9424080
4158650
1899833
2210286
3173887
1441505
2502963
1283124
1158391
7369874
1865284
1301949
1855638
1831215
29432
7941424
3324579
3674730
2186130
528218
3427400
7848262
1642733
3996965
4980973
5244243
7790746
1104972
2915544
2487152
1901919
3453097
4396211
1922537
1768482
1621262
3345221
8568387
3219689
2530931
4287845
2208603
320474
5476453
511823
2413940
8586070
1749093
3185194
2995088
4154448
2527663
3406771
2918075
565384
382351
4200438
7837281
2373099
5730288
165788
3619219
5202610
9216429
1518471
1204537
1153058
1756294
4496276
1893758
2366106
1959307
1450564
5216590
126578
2445019
6366991
186870
1207859
3143722
3376744
7236522
5155273
1302235
1547314
4421808
2191833
2755928
1654775
4393793
5336441
5812140
1136896
4404603
3949795
1189612
1680272
348714
4100811
1572234
2609526
4554756
5488896
3314911
1765731
4664632
1921397
33939
2748824
1165911
2109351
267936
3235244
1118413
2959678
9755626
6439391
2833803
9476482
9775330
285536
3150542
9170073
1867114
3459922
9613079
7525701
7673313
2901104
7601568
7410622
6653153
1615491
2529886
2639197
3363686
2667898
1431588
4814917
1503691
8577402
2193284
6564082
5108308
2980510
1387771
3487319
4315175
1348657
1186194
3811663
1282992
5613755
1428472
1284452
9473923
3388852
3850642
1703281
7598586
4610618
6319672
1821901
1430046
1658794
4254860
7250686
1949504
7944412
6184160
3789257
3547677
3126959
5594417
3324370
5256052
189750
1986274
5576065
1105234
3957358
3711140
2543800
181012
2123335
2850928
5313035
1430372
3307390
4656427
8684726
1751896
1894299
1121790
2964848
3214337
2849696
268424
3788541
185504
16839
1729621
9612231
2498923
1893605
3280634
1970062
954251
3763414
2363997
3818079
8637742
1360849
649415
1899608
7906615
7283668
7816231
4730116
4928087
1128239
7323383
1168865
7743809
2973091
8410011
1302742
4233348
1929306
2774436
1605733
1294147
2705421
116055
1930013
3809867
5955094
4247650
3989214
2367667
1172558
949559
237089
5444016
4608228
7236419
1263913
1830061
2890708
1491955
5573384
1951942
1495568
1805605
1235793
1719676
2456031
8678962
3756814
4373613
6332457
2873439
4595184
5245794
5685016
7682183
184108
4995953
9725208
3854902
2372241
2279794
1314556
3271085
1745022
2557589
5529490
1216021
4176452
4159993
1766845
4490557
2290019
2414517
3735178
1363937
2657213
1430228
1790589
2175789
116339
5274743
1445586
295950
1388429
6900905
2762609
4192352
3857589
4648355
9620763
6298939
8335681
244626
1838970
116015
1579277
1839592
7249592
2111611
7722508
1974996
1629714
742353
1237815
4249298
1804181
4143228
1117870
4534460
1151625
7880835
4210448
6894368
2967336
1943722
8516752
1721648
2345947
4714215
1389861
113999
2837429
1113576
2528672
7547502
3451477
2961036
7107158
2700923
3189249
1211854
636587
1430497
1770087
7929984
1286904
5814590
1488379
1123645
2238067
4200644
7697101
1225130
1693688
484962
157559
5357625
8511395
7204838
1641920
1322047
671795
9363636
5579188
3687057
5123354
5997193
6289584
1723945
253329
2484323
8379670
8175591
4767826
178445
1128089
2322851
8511782
1410911
3916177
1831948
1458354
7686220
2601126
4392314
5789880
6434683
6197475
9705199
457606
2508101
8346982
4402611
6145048
2420336
3227802
7546635
7577154
2963429
9873779
146804
4440862
937414
8833705
3259942
5613676
1905137
1661126
2260852
3280178
7389340
1399422
4460094
9123828
8397518
4153323
7550402
5440275
5844055
8941497
7665588
6840629
1644154
341137
8728159
3548822
4602594
6419073
1531521
1956637
1208786
6196247
7886790
4223022
7505421
4886419
3582482
4719123
2921204
1553236
614888
4637978
711536
295497
6607888
5576238
7650507
1612293
3408204
2612698
2761546
3349942
2447494
8838176
1584376
2363735
5830247
6796922
2975771
4631407
6348988
4132352
3559284
3323777
1366017
3357373
213101
1237291
9832901
258713
4762253
9360714
1748321
8994148
6177098
9299021
5826808
338500
1421885
2418273
6434268
2757156
1671565
2243452
4862902
6114980
5852879
3785387
7266563
3912349
646617
3298362
1716972
4122383
1964594
214675
1991135
1235847
1847056
1342289
9959733
1196507
7498586
118804
921487
1811190
3654082
3146825
9473669
117040
64653
1678737
365002
1526815
4573171
3154360
9608414
2133232
1560929
2869047
7359133
525657
4296806
1667607
8732917
2251349
638404
3325873
2723176
742992
54918
735101
2628560
8716652
598239
1365746
6816155
1130007
1438719
2786468
4416100
2830695
127903
6688384
1363644
6219364
9601696
5439865
2943989
4825318
9508022
7183730
198537
5383249
2612153
1249060
3634380
5817612
2186353
8894269
1282934
8685375
22823
1638322
2886549
5975610
388264
1925554
4327558
2215839
1682145
5830629
1559132
3429943
1383110
3319498
1625947
6336906
1991653
5132264
3872604
7403014
1155211
4635122
1889557
144863
9552752
1836094
6984257
1734524
3174593
292538
5112155
3540314
8891208
5701020
6477680
1353989
3559970
1762024
5558789
2927804
1875999
2353201
5763264
1548349
2240737
6481839
1619426
3525128
1453208
528800
7856607
3382377
2294269
1489646
6918109
1907636
8998814
344584
1472491
1117958
3633675
456880
4501436
2236353
1630960
2981877
3435949
2640413
1100040
8754498
3470647
3409290
4676716
3227519
2105874
9960935
249126
1422802
7574303
8313476
4823608
8768097
1128302
7668220
3158756
7208499
2310741
2949785
1191231
2718436
1923095
1527226
1439625
6888207
1558044
2186628
2520725
6175986
3311061
6368095
5836344
4148544
3780827
4534367
918547
2914512
3912057
1691223
7592652
1428362
3540256
3571315
1467583
8394621
7525766
1337530
3135710
3928759
293898
4650693
4642850
3135098
1619116
151111
4613051
2518376
8682492
2478698
2155011
8534032
2299248
9426403
5320581
6531004
5722080
1313545
6510185
1344924
6927985
1285898
7295966
2813498
1693879
2243619
1612259
7230216
3761431
7825247
371020
7698026
8933920
3536997
1636829
1603774
7476998
5902231
916034
3201714
1659456
1301345
2415028
9829111
4356818
5401747
2135593
5488642
7711377
1196064
1945901
555398
6100377
3302418
1696974
4335405
1952889
174482
2816977
3899491
3270839
2733980
1916460
1924572
1482597
5637291
4851530
1930325
1285816
2328244
1367254
2791419
1986444
1370059
3807114
6406421
1230805
6291584
2849947
5923201
5262337
3572408
6498630
6232845
5909527
1830159
8895367
3232646
288529
6321915
1250069
2384478
1417592
1190917
1514682
1314052
3893468
1112088
1572440
5545500
7997680
33670
4578149
3573909
3832693
3942404
1508563
537355
6192580
2576093
3170124
4187547
2308209
9228357
5912678
1666178
1912150
3877443
1382418
1502425
5899277
9430384
5428394
3319524
3439425
2428571
1762076
1601500
217716
1316198
9606752
5763986
1389465
8918312
1706239
3732587
1380365
9512165
1786917
4816904
241010
3993042
2511106
1546698
1459893
4758299
2578273
2194960
1395545
9776023
1729231
1984796
3673663
7685696
1963507
3972464
6721555
1151724
3181269
891299
453877
6305957
4814822
3722321
2326399
8352872
2330351
3658232
2905021
7597025
8684505
725427
1854665
4458301
9832278
2113336
3888915
4780930
4225982
2477190
9727181
2367301
810808
4416052
1239121
3350233
3229579
1777063
4433032
3458486
2388602
3668407
1365916
6751285
3807378
1969884
7729253
22559
3717382
7766275
9858544
1422544
7524699
1143474
1749937
9240385
1847261
489281
1132013
1868247
9580109
1439557
7141323
1646417
812014
4219233
2865850
6263949
2939522
262263
2348456
6480014
4105521
2494330
5314283
9293976
3514288
2419332
2578924
83991
2430742
6152670
6283577
2109978
1598352
3206328
7112106
1943167
1283663
2738509
112133
1817202
2660221
9855160
5546581
5286031
1527652
3959421
7760673
2367570
4315629
8524513
1651845
8566
289110
926222
1646830
6329199
1675485
2750019
3530760
1870585
1957246
4320010
1878314
8710153
2149933
1926574
872665
1448299
1615685
1342778
1712951
1409294
5636703
9611477
1573223
7551945
2826151
1596675
1155412
3490851
5666649
6252173
1239311
3875818
5764702
2769652
198367
1949746
9660261
1973716
4938412
1784711
1945780
1678889
6105085
4350881
1711457
1289766
1156474
2812742
3504011
7196142
6750726
4949032
1880061
3185904
1944719
3178032
5347197
1502230
5731326
2708058
9695911
5495639
1837244
9211659
165002
9925880
3569920
529871
6464606
3681621
988590
2943126
3830106
1405544
1690790
1680229
250775
1948792
1241235
2250558
1972847
133885
4363353
3205205
1420889
262359
4145710
6123465
3401698
5244961
7789487
2352235
1750172
5641791
2747383
1629554
2242977
3705590
5332518
9879745
523728
7394653
3632670
1769768
7804974
8442809
7530997
4783838
5895633
7791405
9813767
1750570
2782963
3214512
2539881
3412185
1658887
4504909
1528117
1723797
2212532
662203
9121194
6672347
426870
1180326
4999060
3737805
5592567
4145143
7163900
7592660
4997778
3784755
4904465
6983318
9418651
4651056
272427
2493878
5376136
6101502
1197068
6830236
6681173
7248147
8347920
6274591
4597855
1803724
1889049
2317807
738844
5691393
2471100
3690435
6946708
7464974
1237285
2886097
2632881
2835920
6427119
553018
2107299
3110203
5722253
1111110
4203331
6164818
7954713
1717561
2963387
1384247
2941642
156190
2782594
4755159
4578126
2103539
147146
421427
1213230
7505771
533632
2512344
4374525
1359516
1731680
3957383
291059
1161249
7674310
1994485
5502964
1869136
8799810
3568362
1903017
9164275
257526
8333335
1333651
4484758
6126595
4503529
3544796
4762760
138111
4209101
1558126
2181916
746150
1967802
5123257
9926753
8645355
499190
2256641
123262
1472565
9866871
2806183
1521390
6714159
1857453
1439074
4414052
8885437
6812595
7554644
1252147
1657681
1473631
5900055
5630484
4931289
5367929
2258920
1910282
1862946
3820866
5626926
4204100
1905099
3815752
2863560
4240838
6203606
1344682
8386317
3650253
6374249
2190313
9351184
1467485
5548125
8206341
2290528
4299911
250535
2769993
1599979
219241
5856652
3534783
2755067
8354198
4709780
148665
9960385
4301236
6844711
546361
4152934
7836897
1183827
7276294
6266982
3273125
1622072
3589945
6227980
2680796
1471257
3162982
5729803
1795745
2412058
743216
855267
1748797
9216453
5175833
3133251
2132863
2287865
1462770
2249546
5761760
2347915
1123355
169960
3755650
2770281
1308367
8463430
233399
257106
6282060
9823234
3185771
1581618
4418927
4970021
832957
4659211
9157154
1715559
2859435
2812895
4344391
7807033
4837345
9394491
3406143
2211067
4436836
1340907
2228035
5239722
2498887
1115483
2745512
1691784
6576606
1417430
1327051
1573500
9925975
1430920
3631926
3927786
2213044
4473645
8368140
1191449
122154
1369315
4438257
3348591
6338857
3183844
279492
5172854
1386752
2578152
8336463
6422817
7720032
6865522
7502307
3420383
438695
4348472
2101909
1696053
3592861
2576568
4737328
6436144
6616662
2740459
134778
686471
340857
1968922
5988377
1412224
9587844
3737835
8642007
7910261
983637
1587429
3140570
3686633
1921058
3797042
3152837
5533399
328787
2470391
3698776
9611965
3200333
3333230
1215273
2270736
1308391
314922
4382599
5601554
1807069
4497491
7875223
5457593
1345279
1238627
1235006
1949474
3170115
6873390
2192542
5668211
165177
2983314
1410239
2623889
164656
1826885
1320112
2123991
2139448
3844034
178536
3484800
2982335
7240939
1278518
2962095
6274803
19019
1697799
1654428
2377755
4103475
2774754
6665232
6254681
2684251
2255650
4965584
1757318
249592
1925299
1288729
3874683
7306115
3501117
9287548
870659
1209207
7155320
4775402
1595264
1282045
1989388
7426570
1981652
1175186
9139416
2307048
4600236
1455090
2142318
1209618
6853065
3827089
1777414
2290924
9428166
9697895
3101856
3265769
1535199
1927310
1788121
8887494
4455414
8287461
1411146
2720463
1532033
5695787
684607
3105560
2749956
7809123
8399922
1301483
2440311
3471768
3423789
2518080
7756460
8553389
3338605
3340457
8144352
2587857
4913389
3196003
1670618
9581193
1563202
3822873
1903460
6778616
9726803
9865578
1137341
1150298
440788
243618
1809059
8540754
2709840
7430141
6293955
1489009
8234084
3642538
4183007
1868543
1315275
4164540
7776453
1814858
2864875
512197
3864211
2412262
2461859
1130399
1623960
8818007
8779962
22743
280823
4909686
4502416
1828655
2460440
2415079
1288025
3270489
8478814
1210286
1538225
1396257
1807571
1142703
988354
2210178
586844
2630946
3649389
8516961
8226230
6772698
1944104
5554144
4855389
270014
1530686
1862468
525017
1166518
2709853
4280742
6179933
6832315
1465162
5300610
5549652
3736498
2445515
2681734
1689335
3311923
7356640
4541443
9297386
817900
1455256
7550831
4707184
4341412
1545340
2897883
4943690
1752189
4755529
7235648
6672349
5830598
4658231
4284883
6681672
5876233
2178933
1842244
1648064
1306954
4346279
5918158
6281007
132003
8461586
2905134
5759244
2823148
4897644
9348124
1215916
370902
1662810
1747194
5840020
6833544
3538869
5334125
8431034
3575095
5722741
7435765
127316
2941837
2248604
223328
2173340
160092
2376483
5656404
1939827
1809074
1417479
1928831
1827062
1211897
8645340
6302222
2503070
2587184
6934282
452642
1927775
9136236
4312260
2100062
2224254
1816760
4917714
1150161
1170743
250460
1877988
3527011
2222018
3202958
2372136
1336334
1605323
8132507
1301250
1790438
5615860
1688851
1198749
5236693
4835565
4888392
2986689
3767293
2572450
3924485
2742839
6366542
1154856
1994418
4430629
9285589
333656
1867923
1536078
7277144
2978540
2561801
4287356
5377068
2878496
1283708
9416307
3621458
1579780
3382368
2120598
5983507
4734450
4400120
1929092
2927284
1294157
1246141
1988150
4110464
7798630
1976882
1350321
1999703
9342451
1761679
1689502
133799
1914444
4877205
2910306
5573619
244886
8774294
1152386
7429940
2565002
1895391
4220695
325344
8569147
5957622
5167134
8302076
2971804
279034
764241
7386044
2931824
7716540
434059
1169413
1396100
778640
7343602
1908329
5580107
8114983
7576738
9453272
288004
5290878
1972938
5128398
1548249
420771
1955913
4662816
4902989
1852838
415294
6508187
1681495
2806737
3899435
7165571
536534
3303059
1138890
7873668
1763409
780280
4216507
4925509
282409
2762067
1523973
1364902
1513919
1635074
6445935
1227034
2441696
2186201
317518
2359296
6241043
1864800
4488149
1333963
7228603
1420950
330628
2741274
1596585
1653071
1204539
3602693
1745282
4686085
3369076
1590053
6914388
649269
268930
1528602
1252590
4191426
2713615
1182650
7789896
1466104
3208589
3183215
3317685
1146711
1811151
3642242
560191
5461101
6303135
159214
1317395
2122538
1931349
7634000
6376944
3412017
3637556
5851026
1427123
4648285
2591324
2660313
1573766
3254601
1195045
9200613
5502274
4543959
5637324
7279779
2572871
1986560
1489020
7723321
6420867
2346379
1261440
458786
2559674
2208673
1707943
240059
4906144
4448490
2221434
7229761
343558
5728885
6826478
3122266
2854072
1500922
4981519
8314936
3341544
3994153
1102208
3891219
2125474
1278610
3179696
1706198
2563311
1660012
6724003
3488091
2542149
8512297
2373541
2902671
6437562
6478943
2385916
3923456
1494092
5638477
8492425
2202775
6445968
7715990
1754705
283321
4179274
5874143
3551803
4893090
8928567
1952275
2452861
4912648
3939280
1276002
1677391
4187914
6700764
1988810
1670668
1251422
4849779
1769453
1621058
6317534
2771402
8421571
1131127
4893678
1688917
1890192
3807092
389148
5644351
7261066
1994633
2516109
9736518
4705203
3293394
9303221
1206178
1733605
9777732
1429844
6132196
3170888
1882086
1282988
3748802
2664688
2493363
8495161
4543798
138441
3813910
1605133
1290252
2745918
1380190
9192025
433474
4400688
5960030
3602493
1224188
9691382
2461811
1696371
2854087
283478
3607288
6499121
1716697
2908990
1103940
4233271
7454732
7217100
1537957
4411427
7964737
8984574
4506082
7360962
1397718
1267374
4129919
2408135
3906517
2905332
1553193
1169281
1493356
1292917
7797020
1567938
4935431
2370486
8275834
9296276
1936371
1522622
1916200
1775633
774312
181988
6576031
5484059
7764121
6423373
9306668
9338596
3184750
8542118
1301271
1755605
313200
2430515
527893
498434
8998778
8611880
2954593
1542804
6802637
3520256
3478522
1346554
2162884
1795881
2996908
1121231
4318522
1684397
3322177
3266021
3315614
6500269
4130156
3801028
3335177
2275581
2154829
2391492
2738617
1102531
1799288
1402921
1713865
3111427
486283
1562766
5459375
1569136
5574975
2486449
1513377
8721760
1453168
5508730
127794
4943315
4697532
4402211
5560655
9822384
7726098
3470546
4152429
8475337
5460489
5814681
3907523
6537267
9889390
278645
5780999
2204535
4221750
764526
8445813
6727224
2204349
9790594
3926576
870216
6524580
1560983
2457765
2644083
1636561
1591693
8111357
4232493
6847685
9949607
1855025
4211958
1457889
8107094
3898184
1659202
2912044
2284467
1267582
5682782
4893904
2756505
2334741
1343771
166026
7232984
6999898
3439661
7161055
3795266
3580979
2988064
8686399
1320727
1580949
3668894
8652110
1806930
916077
7759667
6223424
2833384
68937
3330742
3655443
2338190
899891
1924004
789253
1351223
173868
5976794
9936355
4277357
5296266
5905139
3797317
2594871
3110846
1675745
158915
5460377
1487712
188048
1930342
8590367
1714948
4492061
3372495
258613
1307597
7434771
233010
4381678
1955061
2248020
6243623
5801785
3606285
1830314
1904005
2133705
4872627
8561118
2286529
8739076
1803740
4471185
294783
198221
8289618
7293948
4576907
5816469
5392772
191254
2984449
2579521
2720020
1145197
1226315
2655361
1998890
2983215
3574791
2609307
2232823
5116158
2287949
5743507
3144681
4707345
6265978
2679087
3625227
127164
7409900
1213200
5280737
4481465
5121977
6980709
434664
2925363
3833024
2495301
4112344
2838121
8816108
4127581
755442
3336402
2560319
881692
1932884
9530650
2259452
3202624
1329342
2989707
2492363
1288514
4942691
1818257
9464679
1451196
9473156
1419623
1412461
7694510
933492
2109662
5532253
2801865
8436133
2121198
3157645
163300
1646251
1673417
3483909
1161799
9986348
2357305
556146
2760014
1163358
2402087
1292111
7119562
9212049
2568820
244026
1284146
1163780
5354176
8786772
2611665
3270316
19383
4703228
4415970
4167694
1748889
6487558
5335477
3264824
4741664
8439682
1398147
3529414
3404448
1391419
1433919
2130405
1551165
2272919
6730505
76704
2873652
2324537
5849552
1647715
8298553
9914169
4877202
1213924
2430656
1208054
4320901
1729155
130862
7254328
7131653
6755570
1418481
452226
4425937
2158483
1437891
6726454
5608382
2461360
1652881
5260034
3819750
6643927
8445840
3219822
9274553
1185159
1786109
4316692
1731900
9574439
4690721
4171095
4153451
5615525
1648713
7116460
5799014
2849095
7242942
3312245
1428369
2193719
8299965
2803189
6234258
1994931
2964815
1937276
34487
1586034
1574445
3980405
5439823
4276021
1592009
4877361
1546674
3220692
1931901
1944599
4506388
6333933
9750798
1270330
3712321
1522214
3970219
2238566
3276765
6775221
110223
5101020
6964647
2363068
1481824
1879354
3388924
7825059
3886128
1910873
1414409
256304
5534790
2210705
1321111
1659482
3458728
1586903
5948241
451418
1427914
8158565
1176137
6547642
2476222
562263
378537
3816586
2206795
2366028
8404919
1297370
9660421
3232378
2788774
6895973
2250775
1918665
4335043
5951745
7242351
245686
3713950
297382
2223491
2251489
1586151
1723602
5207491
2521599
511096
7222619
149722
3529829
1581773
1288178
8718633
1701905
7942174
4785638
2633267
2994619
8560350
3702233
4942348
4769188
8869405
4629002
1697003
5718392
1905126
5653622
2669588
1194769
5180737
2767127
2682194
2953689
9294963
1481563
2326331
1353689
149553
5266165
2241161
2313926
7404340
1698217
1601694
1489136
5509779
2736489
551180
5269727
1397545
2540166
1431252
18877
1601918
2976599
9881451
1982615
1712487
1826655
1680696
1576031
5268578
1485665
3431970
3646589
4476051
1621476
1980431
9234662
8184611
2498651
1603639
2262610
5752785
1440486
7818505
1720214
8298224
4982263
4905654
270151
536772
7393322
2390372
7624807
1925282
6598519
9911702
4278331
1331797
1206282
2586698
2843294
2358961
3747724
3209699
2594077
5536945
5537566
1793491
4193679
4868693
8809843
4851836
1744406
2848340
6865651
2595767
9221701
2725667
3548617
1152891
1715949
2334829
1556800
290660
8944716
8934265
8323884
2173063
2569304
788875
6864847
1389672
3716205
1409445
5851990
8585267
1187445
5753025
1148993
4163665
2332797
6489461
3542408
1384402
7285039
4598649
1122206
6285313
1425446
18455
1637819
340739
842347
2691626
6446596
5947287
5834313
3414195
2246294
6901282
2622125
3643080
2786075
3338173
8124850
3396844
1583659
6688475
7260225
4983072
4823867
1706791
1936197
5942035
422752
3500759
2887189
1675488
5328546
1503799
2262226
5156267
5762916
5427827
411561
3545761
5566871
6200197
1590380
7405798
3226413
3243801
922560
4880573
1346714
3199311
6472306
2985589
1111496
4160476
8412843
6665463
2522002
3796832
3763762
1292619
8282029
3509943
7217825
292310
9238954
5909676
7268777
142682
734549
4421176
3771390
6684613
3595466
5940417
332144
2654257
2920141
5133035
4608564
2736419
499702
2928129
4507114
3680805
4577524
1539276
1991271
1580672
6443102
2142805
1748211
3469918
3809570
1427971
1890222
3142793
2346577
1357575
2644334
525837
69907
4108201
2321611
110821
3938677
3647206
5147650
3480916
3931112
4652984
3660006
7448985
6671533
3931735
1434041
8224383
1218425
1859959
2433958
1950400
8827226
6716277
9870409
2676275
6485335
3225824
4439485
1842748
2782320
1572410
7969031
5425298
4605457
1297740
1108958
9565781
398695
1906653
1122330
9516766
1572715
2987844
6806889
2591423
6703877
5800772
639076
5180061
7215225
1100619
1497715
3271271
5170541
348174
1105191
3303441
1968938
1872531
4708878
1159425
1763073
7431000
2792871
293331
1445715
9105053
9834808
7696461
1683673
1811275
1611736
158547
1833456
1104526
5257258
7794104
1170451
4798022
1542945
6825763
6834679
1535103
6409441
271533
1545675
1421879
3635473
1648983
220162
1659193
6843216
1792783
5834870
1476436
4885619
1218904
5993376
4686862
3573237
4684580
2450755
3601379
3585705
3500247
4147395
8219236
9710815
1787160
8390721
5787041
2736261
1523702
481168
1658192
4601010
2204113
3651306
2970459
1668256
1992282
1476494
3196880
1868563
3400611
3661991
1584024
1280635
1695762
128352
5171194
4638016
1636625
6759179
1441033
2172768
4984273
227233
8417536
2785656
4461336
5982418
8890147
882875
1378312
2770313
1638613
3714925
2749114
597602
4966343
2920576
3892687
1382456
6893357
1120933
2407658
1553033
1872357
3598123
2980535
1479009
2663729
6182542
6853279
8149858
2447161
6415161
9824689
1927492
5954928
1476261
1507780
2315349
5382772
3516186
2841795
1750838
1112598
4178888
2889721
5556362
9548210
7551162
2249704
831998
3812731
8136225
1498816
1992928
1397693
8114159
2826707
1600687
5113071
17655
1608648
156014
3303755
7667129
2454125
1213664
2596380
9789097
1768911
1320106
4914777
635582
1411661
5581252
1404372
6733168
1951385
1423821
4939510
1832502
1464378
2220508
1499326
5183295
2877840
2761288
4658972
7845956
5374689
6196182
6302584
3733657
6486984
1962685
3452443
4937663
1657778
2359316
6644183
7783834
2719181
2354643
3426834
448998
2753626
7268841
1481717
2372666
1600554
5190849
6860419
1772497
8449126
1309123
4622525
7302700
1172289
2207537
1601407
1192785
826503
534823
4516643
4515301
9894463
7698466
2411591
1996028
2343860
3324637
6800751
2944138
1488917
3584256
2345409
1694633
1728941
9697141
2526598
894095
8393304
7630124
1891651
1513785
1455230
5354557
4323867
1226842
1539635
8587552
3961745
1135480
5892013
280707
4631278
2987858
3250994
721072
246169
1858331
2934252
1682357
1218438
2598678
5156577
9178641
9712624
5288627
3121023
4935576
577782
169284
3664823
1744520
9855537
1367883
4800829
1909050
1816852
5125856
143129
7758190
3827101
4840262
1320251
1208580
164994
2949111
9466686
1236145
6149420
1663048
5537141
3275058
1579457
393603
5414522
2657364
387341
5232407
4662585
5344766
8429045
363820
9110145
828413
9172458
3590630
2707544
2805438
2951003
1755286
281516
1320173
1587528
4720670
1193128
8764018
449952
3748350
5450159
5721616
1358483
3641209
1176943
3519204
1714405
3230625
39929
5252398
4607008
3806149
395315
2411574
2309219
8196846
3841777
380215
4846853
3845464
5527124
1717852
3144629
1523066
533040
1659645
3142786
4903102
1330264
1151707
979077
1451150
2708014
14524
3279629
4413291
2438920
8142931
2835390
5238918
7391322
2938825
1435145
4668232
1830332
1762629
5507217
1962400
8123810
4944348
1135815
1585389
753636
1799213
5893985
4351514
6169837
8256059
1445023
2172331
6270162
1506380
510110
1894895
261614
2584427
2142643
4761717
9617816
2712316
5757482
7903904
1791197
2666226
4664650
4706653
2104186
3185402
1430602
3733376
1608011
216908
383869
3852779
1239120
1970575
2663226
1106627
1660378
5627568
9803700
7732025
3729786
4134792
4236299
1196601
5329567
1585268
1306853
165149
1672346
1970551
4851461
5509759
2265378
3649747
2144379
3286375
7191866
1624227
755045
1478650
1975835
2635018
1859239
570450
1631265
1966322
3103581
24683
1852101
243605
5930327
2549490
4423250
243844
5980264
1665316
2328811
1281633
4601519
1637336
9860211
1802600
2626280
9652229
2244985
968542
2935534
7820772
3575215
5237927
4277353
6772198
2764761
177971
6381490
2361889
1144488
3927952
6554271
26708
1696415
360469
7377598
1649825
1383039
176706
9968566
7404395
1776203
2310992
6976120
413420
8715973
6393405
2727156
5413844
1136421
2651579
7764399
2941436
1259256
2463216
5153308
9560921
1280178
1987374
1474853
7628498
3182686
1931737
4865150
3574770
2244568
5584006
1802253
9791026
1505145
4302594
245676
4528879
7443897
3390910
5910755
2991198
3317815
8197785
1104073
2671625
2520664
1733849
4251543
2947984
2760816
1206879
9448992
1256630
1175657
3611629
2847728
250101
6519287
2381315
3710977
2364017
4550057
1426132
1229454
668920
732109
1217653
2687070
3132021
1370034
4718917
1865052
6183728
2861979
854214
9573876
3470924
7732465
2236569
1788948
2558973
1255602
1551218
358035
1152295
4349995
3815621
8473903
3413175
6357711
1625979
7160109
8443189
3577723
7836613
1296753
1533273
1621292
253948
7711986
5825128
8926837
3867756
3198049
4191220
4611916
1320794
217195
2307132
8691093
862353
4506682
3974351
8196602
410508
4200273
2325784
9856741
7204662
2376583
1298739
537248
1370853
1820772
6400537
2576833
2718396
3985655
2300065
288525
2313409
1377917
1196321
1110015
1489248
357009
5285878
3760938
4414302
1778386
3558513
5195788
1947316
5616290
4274137
1408061
3352324
8436697
4698733
9408392
2989360
2633275
1461485
5951751
2409182
5896823
2786083
5749031
4634824
1924184
2267365
1197940
1122864
1731783
2988586
2116292
8297632
1735528
583267
8663743
222155
3604733
7677185
5784922
9256968
3851907
2611431
1870427
571221
1474146
4201556
1188548
5748116
7421879
3536990
716774
7410942
372119
9384742
4485974
9501080
4475819
6312320
5436968
9153042
7522155
2831718
6101254
3187034
4514514
2195681
1124124
144914
2989505
3919395
171558
3690749
9358495
1400511
1960210
1195391
2204191
4709817
4293729
1360245
6125577
7181390
4975407
1690659
3945524
1135399
4600424
1228408
1447617
1444630
9861837
4963117
6427718
7619912
2938602
6870063
2514661
1198761
1739213
8581604
7289356
1283520
1674249
7296593
1696757
2878733
2618972
3246213
5825442
2395012
2503214
3711205
1114734
1748087
7683268
5348655
9750238
1826978
3280894
3512999
9155956
1486912
1104808
6826065
1857357
183316
3899912
2725281
4866296
5545962
5917731
4364387
47767
1891924
9642076
112551
4580889
4648864
1933687
7270488
261708
158302
8414564
1636570
2631401
3690108
8864445
1931887
5968870
2841380
1722432
1401615
2577303
1387963
9692424
5154180
9138688
9993613
17388
2399949
1570513
4700441
1503375
1145832
717676
1580705
6703096
3312917
1271649
8256525
176917
4647738
2637755
5581020
1785702
4927308
2856858
410324
5585460
2863331
8700438
8963506
4314272
1134289
2474848
2223100
2316962
1535870
3606127
818555
7612912
144046
5702708
2322842
2408843
2303251
17814
3756940
5388707
4927709
7472007
2815771
8724220
6619511
4753124
9168851
2265629
6404814
2427525
1465688
2836270
6655739
1808293
1211951
8555544
2632507
517141
1267801
1134620
6146256
1908401
550998
2844483
1281104
3906827
3888270
5911727
7374957
5910374
6499868
8389384
1424894
1663931
9423379
2582090
1411502
2598031
1832585
124687
4914934
1508748
1657216
223878
1513739
7172696
7759868
3238827
9700046
8800827
4208913
1499238
1382026
8748906
4640512
9105256
4173005
5693471
1520784
3668763
5697900
1990319
9268012
9707975
1797193
2603019
1438716
7360803
8370431
4437675
4676929
5769554
4292444
1885013
4875719
144981
820994
2861973
2461209
1486819
1950467
1447785
5938416
4987413
3114187
1928312
1691270
4225674
4332608
2348955
153346
1519724
1335731
1129940
3837397
4351202
1584418
2967503
1742094
4169986
5543916
8829483
3829637
258512
142339
3560577
5737335
1990635
1316627
3158142
5599153
1677231
466054
2626929
1575587
3459901
849793
1471791
1479584
2538712
5568245
1512652
182744
3271608
1222185
985223
6176477
4952676
5445017
4902913
1759097
6601937
6404865
1705938
269520
165156
2952630
2209824
1385010
8623896
1255374
1384934
5171215
1654412
229353
8997344
4380231
7840140
1909097
4425271
1753591
7236657
2203317
16995
2449377
1803218
599133
7380713
1275738
171665
2414298
1739112
6639857
427145
7910747
8759339
5697806
3496723
847417
333665
166209
2654030
6181728
3618295
5806331
2198358
5712225
2249921
3921352
1668126
2312077
3325612
3759555
1379472
2406818
7632697
1619189
578736
1612915
4985643
4337399
4113065
4391597
1889189
3786815
5107110
2365074
6530847
9575500
2722484
6606369
445652
2588022
2928793
429638
8826666
1395572
7587396
2578704
1760831
6357981
1926471
3704351
1173038
1577961
6652488
5417591
2693926
9209828
2706181
1714484
167419
1580075
5460525
1979616
1363118
6215650
2188676
3490737
3746701
1199355
1280466
1813480
3681885
232762
659946
6786980
7483947
2516730
6611166
1557788
3934305
2234488
199968
3189105
7931287
8175465
137159
982259
2361429
5669490
1803288
8580886
6539093
2362479
3477181
3811192
298404
9639403
5951481
2841302
1125613
9279828
387736
9126182
1552645
4818022
6708651
451605
5220940
1492918
1892878
2771791
5766650
471449
7939272
679182
1340277
4967724
4304238
7769591
5164923
2148600
7247557
1970167
4569329
4552547
2373726
1338609
2580028
1844090
3885662
2533234
7568275
2626307
1484321
4995818
6246831
1787301
5981770
6564495
1668249
9965344
5628201
7352516
4399403
6223434
175144
1817477
3584958
8145375
647323
2183427
1400793
2852652
1157321
2771390
1703419
2912320
124367
7546939
3631719
1738354
4670381
1162080
6314090
2696957
8213358
1403577
488986
1759263
1837816
2221820
5301416
9233579
8726836
1279386
1765084
185948
4395956
9172732
126720
3623489
1639862
675543
3208624
8487427
312418
2121532
9560521
1752671
923499
157375
5441005
611128
1923218
948660
325344
1416272
2488543
5864891
1944639
2352555
28422
9980002
1827727
1272831
1901140
1248799
5817445
297222
1185381
78991
710534
9864358
1220262
9596781
5947290
4868188
1800124
1614551
1938990
1225915
1299454
1630034
2875352
1880323
9134103
6236779
4463282
4709642
4208962
7155105
1705672
1581690
7579200
2483744
5742232
3407001
1416965
4561761
1197377
4592537
8794403
1433978
6479695
6938236
233015
7857579
2742456
3795248
8751929
1807405
2920493
6364601
3737792
3983860
2133332
5622077
3630780
4558182
1252544
1236350
3699031
422467
2316935
4387620
4574105
7576335
8935568
6114297
1107584
1109852
2123011
2759298
7446256
2253398
1682588
3422045
6225197
366232
548269
9495929
1629308
2254721
1979702
4832125
322521
9736920
5166744
4736633
5940170
3583276
245783
471631
5744151
1546906
2461408
2782978
1313241
965732
3385400
4530135
3316523
1289251
1235737
9649023
1821628
8563483
5350540
4116108
1679571
5212449
1674094
3467511
2233497
1689378
4609699
1818611
1720894
2541033
1758697
2673614
2563303
9938937
6996076
851614
1555980
3120801
1350372
7422249
6651642
3724542
124090
8584068
1520065
1936999
1151574
5300519
4301246
1853256
7336341
166539
5146492
9350751
6257658
2825743
3538798
1743387
3270000
9587997
5618369
3299422
4368858
6783701
2582953
9951283
6685380
433893
3255173
5958969
3123599
8779234
1340346
8751016
2615304
2724904
2141065
1350029
472635
338967
388982
1169971
5545390
4251618
1917066
1628820
3908434
3229320
1808056
2665977
2117243
1489091
6738857
3575458
1917317
3652631
4621166
3265076
5365084
3818093
1387189
2237851
2461718
124137
4103217
8671296
4908309
7340906
8452224
7155067
1229717
2610056
3738550
1737960
2593891
25861
1613783
1299806
1891573
3482977
1881214
1424993
7792699
1426364
212104
5613782
1933959
6755401
939473
5562297
824783
1311412
6718123
2692929
1111190
9925246
3505613
3376380
3149662
1320140
971549
187908
1294765
2377723
5631047
8249340
3534805
1716234
2659252
1517423
1489234
2442493
2360246
139399
9533150
2225589
3523752
4902673
1484703
9275697
9750168
1269871
8693960
2685299
4865419
325947
6963352
4529608
3634137
1913073
2448207
5190537
8137006
1705709
2668480
1700805
6473129
4321279
6738650
3546800
1939295
2444817
4487436
2771420
4306638
6162236
5741324
9629725
1507559
3427987
1872236
6968398
2884924
3884960
1766923
2945063
2792267
9247674
219245
9408586
3564676
1483911
5450767
2354429
1806783
3712898
8356351
9750022
3111443
1768868
7499737
1120607
1943181
1997058
3737028
2113778
2129865
469876
11660
221608
3807742
579956
5634149
1997477
726812
8416845
2656231
6605359
1730292
1646006
1211658
2179952
8398686
1667209
4325511
2772661
1922158
5764932
5715310
3312513
2396344
2980258
4187999
1357508
7733006
3886670
9612984
1326003
218141
1967060
3378223
1632038
5932412
132096
3167710
1547403
1935512
5889945
6573041
9629814
2374796
9631844
9226487
5920482
160577
3152279
1164805
3199565
5926412
8581964
1540209
6683007
2104996
4729022
3651357
3968192
8492931
2272024
1593269
5920466
4504495
1969792
1870508
2192782
1533754
9315684
6621899
1711328
2460528
2330402
1852164
7315503
9738359
1523764
1158000
1843797
1201566
1870435
1685234
1110657
4670012
3746209
4868118
4448127
1993036
6837401
1271079
680249
1261650
1986954
9514542
2467408
2849116
1643208
1995910
3582842
1174064
6500407
6339130
2521558
2795418
7913492
1700401
1645361
9956049
3190951
6853638
4410826
311752
5326076
447069
3154619
12176
2967162
1757275
8517471
2428424
565142
1933866
8872816
5577565
3857063
3970660
1447261
4558871
3551187
2686343
339145
7481105
7129799
2425892
232104
356243
1179429
6460712
168157
1168922
1627963
3526221
8266344
1992724
2822669
5732703
4991172
2514604
8555043
5203485
3874963
3593208
4790002
3637021
3510516
292257
4389916
6759084
2498644
7916260
8185451
1186981
9803223
2939955
1680483
1227047
1610186
7300055
6807216
3607081
29488
1131270
9137136
3114096
178960
5408133
3804201
4578077
5372943
8393154
4550612
2927558
1289726
1791159
1542169
2604451
7714619
3503224
7819841
4794315
5960325
5769593
1893461
2631665
1960754
2905612
4812867
231410
6269005
1417840
8622576
1949565
3995106
1387803
4688436
3723626
6200607
4678722
9706764
1860785
285625
5459934
1814649
1592033
8249890
1334519
7501900
1254596
9257504
7723095
2299384
7720898
1959795
7506378
7707585
4863610
8825958
6500349
3657244
7757037
1151027
1280107
789012
47304
372755
3979613
1578240
1487917
3533222
3904442
5225512
4851679
3813964
5423849
4337959
132231
1458478
1802488
1698544
1360002
2287669
296724
2314165
1450172
1641880
9720259
3817986
7583408
3938621
1641384
1728799
2784799
5638692
6760923
2807273
4404036
2338739
1247614
1985690
1115552
3374499
4294484
4815160
1263898
3179401
2352917
1563629
249942
5742136
1858130
4964467
3747655
2224925
16445
2604569
4994363
4220335
2718222
1907465
670554
9451235
1503156
1130845
1592763
7186018
2545056
6218939
7594614
3637630
6169233
3418172
5840612
4608114
5996789
866448
1809676
1719031
481637
1681044
5122981
1666310
8931993
2238213
6337419
2999223
6498947
2620735
1291025
9587785
2890820
9928342
2183258
1445662
3128484
8278963
8118660
3691187
1693160
3214773
1660313
1821186
1279935
1459299
4428725
6478207
3787232
1107798
140826
1804722
1963376
1993885
755081
1766550
7764741
1384102
484058
1279032
6243953
3449792
6492656
1445679
1394109
4277629
5262122
7412579
5119941
316292
2142573
3714365
1215373
1623600
9282208
2527432
283349
4600639
7867143
3761731
1439566
7257377
3335480
4117786
8200538
8829580
123607
9921029
2512957
1649605
1798988
139002
3926159
3669408
4299788
2144680
4272986
1105802
1527592
5567043
4549809
3825436
3603854
5837527
5893869
1535101
8910287
7777168
1749640
1903971
883688
4555270
1901607
3710707
717666
6990988
3742730
6408008
1730190
8655078
3201024
1753954
1336957
1656371
1209910
4299712
3371625
2264248
2659099
1346016
1698182
4920361
3626550
6569346
1942847
2577255
1665628
3529533
1717022
8414481
662468
6700679
7214138
1698140
1421195
5814807
8228636
8536217
2566097
1806423
1425946
4131231
2554937
2741130
7800518
236874
2792730
4283732
1559300
1238348
8285765
3304484
9437113
1806718
6205256
3247121
141035
516682
6751161
1755670
2752436
1625917
2305918
1976791
2177802
15385
1666291
227580
2334690
133306
2292245
36605
2271521
177773
8504026
5975389
7907281
7354253
2437560
3657548
3943313
1632717
222824
879972
7886423
6775146
2137897
434477
9490954
2311981
1831373
3610707
5595973
3889919
7332913
3403185
8841750
1268323
1903733
3633573
2933721
6333935
3280132
3435590
6835982
8849475
2663410
1638475
9173686
1353612
5308789
3331846
3574127
1603347
1558674
9932606
4864904
1986939
4314008
297920
7297087
6829864
2319204
856102
2663033
3381040
1808694
3717019
9975550
240283
1172438
6184636
1275275
4476980
6285704
1705389
7326156
1420585
3251185
5170102
1925811
8541428
2672031
2682746
2374308
6830937
1710462
769547
1125650
1374340
5960773
8759491
3405650
150046
2936497
3668451
4938366
253435
2514758
8690129
9117039
3271944
1586914
5307480
1210716
3681797
1452262
9481946
514182
3215904
345641
1265192
1163749
1227160
1781038
8323385
4717567
7630183
4452724
1562224
378269
1692133
1604779
1131936
668638
5741221
9932717
2502184
6762009
3503445
1883231
5974561
4505424
9707818
1558441
1703735
5586261
2500784
211415
1482865
7223358
7449411
2775265
1352683
2649963
2809103
4161512
113153
2190790
1141436
2872382
1514879
6585781
1131090
1178922
1390618
6411487
2627872
2837098
6177571
8278683
3267084
1259888
5774639
4205166
1185030
3859225
373192
3289852
5405197
8778010
3153496
2210972
2886296
1869125
6709025
3163246
1666664
4328603
2986257
1301023
5132972
1346319
2494796
2564631
6671588
2358560
2435133
3736665
2493308
4713441
1494962
6904174
3657161
7145487
1195799
2324728
5128172
4445253
8966433
1424224
2168885
5827874
2970107
320627
157256
3470363
3668236
1938016
5512277
4104783
8837333
3402032
3164330
6534207
1282049
6343700
3239873
4753954
1306682
9768442
2487030
1228282
3484517
1772303
1621705
6467683
2179343
1599808
9819406
8432833
3673620
157974
7211798
2571887
3231573
175369
4855045
1576330
2489404
1742416
2506881
165383
6306185
5558243
3793622
1113138
885481
995313
2880571
285691
1858512
5702674
1450474
134818
4301003
2462752
7773752
1863941
2236754
1986544
9510878
1936291
1941215
1488301
1771397
346452
1579094
2116139
2363448
2814000
584290
1636393
3795516
5218391
177229
3148319
7496576
9959818
2244186
1814681
1958331
1513168
5317524
1686422
1960946
1927344
1914654
5339215
2747133
1563154
3736683
1726218
1299599
6875678
4417169
8379456
7387562
1724641
1837132
6560746
4690675
111829
7450800
1352325
1636320
5774730
1932131
1753086
6413801
5405054
5591228
8333334
6543881
1162457
2517308
4739049
1934023
5912780
1824
4675890
2714303
1734945
170784
5427512
587590
1713754
8107067
3154826
120172
2313531
7209352
1183315
2197272
1693019
3104548
4739609
1277002
2328469
6253678
4547151
5560839
1232413
1801665
5714113
8360264
1798533
198972
2858444
8543579
9471327
2442692
8462394
299171
6395173
5274667
1556659
498642
9496431
7803138
4273935
1879587
3816950
4717027
3857596
49862
1390618
5478845
158248
2480628
3629057
2285273
1275041
3359148
5146944
1639952
7369065
2979480
3296067
2547004
1512977
3670713
9279238
4579930
4170313
1131313
1391156
5610456
3380346
9900687
1963779
158777
1941785
2301121
4812744
864750
1339575
3895319
4251133
1502834
5690652
8655967
1981593
4769719
8776817
470133
4551888
7915299
1109718
1147106
3574335
8604027
1416624
3697853
1993346
1564518
2885606
35043
8384639
1985729
282403
1660351
1424648
2847074
1590695
5954964
839525
6380657
4202764
138410
672308
1935412
4682004
2900865
265674
9619396
3662149
2559662
1415437
756430
1897471
4608330
666659
1285806
8923996
2986334
3486082
172299
3495403
3193599
3168885
1178522
8569571
4852294
3418923
1708026
1863485
1977319
3420456
1458722
3793418
915113
2437127
6943350
1801529
4975812
1605637
7886667
2590700
2407761
5107639
1218196
143494
5755656
4766030
1285489
4117569
2177666
7976281
7802665
1573158
3488723
9879437
1292770
