9571861
3221879
1533535
1744678
1977719
3228319
2638067
1231584
1449936
1162976
2781208
9754429
7711587
1919010
1667925
1759535
1627143
6990606
1664458
4491593
124876
1665838
5142362
2421101
1870136
4763280
5929906
3913723
3520401
141086
2646471
4962442
4463048
1471222
3901814
2604745
1834342
1122264
9888862
190093
4979923
1160667
4277737
5294066
3283892
1652596
5817801
2382128
5285317
2166064
2680421
8762506
8695169
8846308
1638276
3524276
517602
1904270
2614332
5790701
1886586
3638447
6831324
3424186
1280530
5900834
2745472
1892585
593191
9416759
6960846
2180844
4447339
1815277
3742404
1601096
1852681
6369347
2416157
2861587
11614
63646
6502089
5493504
569102
2187391
5140276
1642019
8866596
1622086
2172153
9203972
148197
5949823
155868
9942638
1389192
2117395
7742840
6386945
1857885
3816863
2222815
1768199
3955067
9989127
3339470
6890285
1776468
7730465
1119325
2134439
1766034
8486609
8975628
2962146
2236928
1938227
5186460
1378114
6209072
6304687
2963528
4587882
276866
2582326
8470566
572697
3374789
1420488
6350804
7719951
1378131
4225378
3547805
4998801
7480776
2899572
2253739
3972200
3773890
1502029
4828014
5572742
2107140
3881044
3506058
5347971
786195
2459797
3301307
4663433
298105
461589
6814018
3339991
2810890
5558509
153301
4453700
1975423
7559688
681672
2184564
1804052
1907783
1434289
6987234
2487405
1695302
4787228
2721014
2909976
7106797
124894
3147901
3486793
1359496
1346264
1331778
1520895
1177024
479691
1641045
4673070
1539415
5302714
4501400
2722555
1501273
1466507
2821697
6668246
1918811
1300539
1670797
9144781
4728479
7479941
2207649
3680320
1663719
2238998
2478103
4551370
2533177
1110448
2975697
3771166
5827364
4394041
9922390
7743339
5550604
5486883
2955897
1658829
3598197
5756101
3963557
2478210
148579
5485350
7108528
1783054
133204
1907240
2652829
7646255
9677125
3249841
1788002
1431065
1302826
3335793
3967618
2102032
6869507
1572049
8675268
1669010
8870821
8477883
1400712
1133240
1384350
3946298
1996462
7399645
3225143
2576011
1928846
1713394
3976338
4839505
4174292
1843364
1595591
7990288
6535349
1729736
2642919
8248122
4275502
1324594
564464
2557396
1991514
4407744
1836939
3416396
1241645
3684497
2380751
1549343
1401093
283978
9174091
183900
4664653
515399
3753110
6250538
2761544
2481843
1162897
2552102
1651905
1966014
4560974
6768242
5451784
2843045
5408354
2738115
2763302
7267493
2150442
3653751
5894535
4184918
3924790
2324375
2799676
5924110
3641430
1254165
2244454
2613639
9959190
3452812
1405513
9818144
1441271
491138
1199627
4692870
7705475
159490
1378260
2224758
1213001
3575919
366463
9788411
7608481
7171523
2806329
2612480
2734281
1447003
4991095
3976257
5309630
1401586
8545732
3290354
1407653
3324939
6271423
6309979
4345659
3628427
1735940
5524169
4103005
1775206
5428170
3100369
8974249
4652350
1279887
4985699
4359782
527570
7567339
1571529
5959530
8876703
2299678
3864943
8544777
1844074
1640619
1545332
6567057
1979918
1982124
1592248
3274981
3190907
1160646
2462225
283901
3802936
2353412
2817300
24928
5477081
5792057
2274574
335849
5426947
3346105
193196
1193898
1801076
5916774
2442328
1714059
5312926
911003
1936790
123582
7760970
4386074
7973718
1712169
8529058
4896721
3145640
7634995
1182343
2286195
1996498
5899810
144587
1464851
2875990
1247060
4283412
235293
4283156
664814
376060
6542672
3190118
1681698
1412549
1383548
2930611
2315835
2664842
5216176
4686020
5778636
1665188
3175274
3329129
5550071
167281
6729391
3218736
2349160
4960232
2719510
2205238
4945140
2118939
5443977
1952536
6108191
9937279
1477612
3250962
4935333
5124975
2568271
3916132
3839881
1349224
2570730
7245883
2740067
1157069
2110514
774213
3687892
565435
2301172
6577395
4878246
9969850
6755008
9565900
8580678
8413239
4278533
2369057
2237712
2844798
6474426
1676496
1648068
2453700
4683133
1184196
1130802
2871787
8948786
3286619
3574267
7828710
1847790
5876955
1584481
3337091
568964
1814457
9949646
1863292
3291470
6582780
28654
1713432
7100296
9301732
3251133
3873305
4237982
7548947
1300462
8739062
1168813
9599778
1352712
3330111
4275473
2638307
1653908
588345
1115214
9880627
1200268
7157375
2287014
2786906
1514945
1759175
543644
2410762
968279
4185721
1935233
1761221
822043
3649232
3512308
4582079
6978200
1823141
6987445
225389
9226135
7781401
1144526
2703706
7415462
1336053
128933
5560725
2510167
7887804
9951570
2910013
2995788
3957011
158503
6560543
4662836
8778307
3984070
8909008
5605735
4353509
2590600
1715415
1434443
3525853
6160515
22645
7492966
4287215
7851058
1118878
954340
2930128
4623727
2467032
122443
1470202
1442554
1585917
2667818
690576
2251708
6168658
2184341
1881059
3183933
1672741
1961973
6440471
1292989
2237615
4105558
1338771
2150595
1292315
6305673
517367
1786666
8404691
18126
2674913
7792003
2245138
9649956
2323983
9287396
148394
1931479
2616083
8525439
2321775
170937
1856570
4842596
6111246
4812686
2488876
1679714
8624000
4135825
1231075
2864840
1748387
8973017
8625152
5957604
1427703
3375760
4910479
2870279
3736389
1446869
1316583
2951308
6752612
249737
1282436
9504780
2877717
1699384
2359392
1382343
8441689
1949528
3743936
2841738
217950
2831064
5141640
7488704
8754537
1594474
4624973
38637
1911080
1834791
8625279
2468158
1544632
2156726
4643933
5642662
9313432
1878771
1606647
1984046
7793981
3605265
9342335
9175042
3697368
9647156
2806453
1479042
154482
2406570
2643491
7344593
2776441
1628732
7465279
1174007
3449970
9562566
7853859
6427983
4569310
627116
2933107
1452122
2218154
1382720
4859055
7171084
9129261
9238630
1362372
1354142
4702982
4189740
9252084
4666254
3177370
3244863
2719698
1659929
147194
2599394
5818799
1952035
4770103
1884090
2406093
1210127
7996905
1106853
169020
6839440
1723808
2991998
4975533
3333984
749401
6633116
8635077
6756133
7872306
1454516
5274998
1926516
2686135
2839223
2790289
1255025
1259641
6800764
4826361
1964658
6614781
1225344
1845317
4794403
4458170
5641834
634363
3230052
2990810
7358351
1540564
2912265
7435671
4940402
6541100
279312
2633475
4200081
1589378
1404849
9309907
152655
3871005
1361303
2991401
9709118
3327002
3817517
5338796
5583450
670433
6714751
2707585
1348631
2109014
4625734
4149501
1150233
659328
1323847
3119599
3952659
4822178
5843474
9162424
2560547
1542799
6352812
3990167
5699557
319746
1563366
1880917
4414593
3936208
2924067
4365425
3803957
2632252
2804483
4758973
7365124
5628839
3808305
6764143
1970944
453005
1499837
5338694
1802814
2677166
462441
1416181
3657629
1581151
159863
1919917
4480241
7102563
4550303
9959910
1250848
111073
159106
4125915
5800149
1975513
3621546
6437560
245478
197878
2938073
4749789
5959057
1891694
1459045
2242342
1563900
1815148
1848657
687454
1306863
2676112
476074
1177434
1191729
4391405
281850
4934327
2428826
7229381
1227323
3125978
4650560
6103368
1294413
4886087
1442253
1421999
2533248
3371004
1451346
6853721
3928806
4282705
7980331
1195992
988106
87942
3227226
2691165
9595173
6722186
1908906
248944
1628213
1997629
2272658
358738
1593539
2223920
6732351
342970
8207388
1698758
246792
2333413
9352501
1710569
9415327
267972
2810667
7744023
4686234
197828
2352846
2196466
2640857
2976117
3388574
194135
7182530
4673206
1522591
6151644
1979632
6266194
3835717
1329647
190328
2563699
1888421
3971915
155593
987831
1354955
1450258
3181438
2538892
1551021
1843795
163602
2857957
1588722
2292843
2575227
2321361
892495
7559457
8219749
1559761
177337
4530124
4769539
1615318
1158715
9154858
1266288
2651116
1780315
2682027
2717961
2884041
9824771
1545698
8854152
2600588
5727365
3221174
551111
1443331
3978992
2847993
1662351
9501095
1790626
7669345
7562996
7284257
6479526
3767923
1882746
3916600
1446430
3885875
5314210
237827
2710718
9180405
4277115
2486062
6920701
5521773
3932539
3554566
3103716
5982229
16245
179236
8566641
9484811
677328
4981787
2269990
7421928
2735370
649752
1821190
1365222
2749365
1902091
5237156
1199760
2236688
1618428
1200625
4159598
3849734
1957848
6828232
4138741
5134645
7775315
416217
4449406
8531795
4872570
2368336
3488971
3626068
3666269
1736038
5210722
46001
1996990
1213828
1679941
1499086
1944774
6167375
2564402
8446768
2366039
8677850
1167801
5271305
6556480
2632005
2710010
9658991
3655890
8293134
1971163
6168630
374158
27396
1311719
1571596
394678
2282428
6294130
1113827
1584487
2445131
2571311
1647472
3653490
9525217
9109978
157336
728148
8536938
9964034
1363403
910178
117742
135203
5338967
391164
1721095
691901
5583672
1829472
919023
3439332
3555330
8492973
2520976
2536169
5955360
2857388
5256130
1335874
2467069
1257469
1196302
7589665
3491159
1249844
4453151
3474797
3766577
5830163
2575243
1220955
1455441
9786683
1642065
2176981
1486930
1659377
3381448
1761521
1400166
3810572
4307337
6875199
1680851
8376721
7688839
1368317
5546425
7982543
181696
5865502
4277658
1908808
1871855
3878319
1488026
5511284
192970
6636583
2776036
2926519
2685165
2343109
1888224
1586730
8168443
2665033
3674088
6680121
8549685
3264795
7242531
5868242
1881908
7255017
148780
2396818
2988916
159129
1461895
8775300
1184697
953241
9308517
8808280
1866645
4566142
1921866
5223298
1973062
1600010
1337782
2357172
9239958
3621952
1486485
2403890
9458280
1940658
4832897
893005
3736871
227662
3929264
2387541
6839568
8377900
4530307
266050
4588968
7990605
7967787
5206082
2459816
8361090
1356386
281754
3434472
1189046
382625
1592904
133710
1579784
2123654
2804048
3831042
484403
8817906
3179409
1215561
1144991
1691577
1799526
3951500
4670242
5872601
2806812
6772442
1286189
2422381
6953280
4107595
2454600
8858070
6783814
4481536
2634473
4559452
2129083
3708361
1412028
1775142
1499359
2124884
3759260
9726233
1451519
3801765
1536812
6851438
3451251
641447
7626882
8725741
8426971
2634404
4703893
9729128
2108667
1656346
2177389
8284430
3164015
8923976
2383658
6523209
1725899
5106406
9148002
1693126
3707815
6957062
5650813
3531028
3172431
1487423
1629644
297474
8194413
1216820
1963942
1250053
2554521
8243998
2889671
4339534
4651263
1187490
1141206
3368075
3149843
4773990
1947006
5748027
2671070
286580
1730095
5309060
4377052
6819676
1128897
2542161
2300462
7227300
1330364
1777730
7964935
8718714
1856910
6222224
1423721
1771586
2427479
5498528
1913456
3683657
5217512
158006
1269777
1660380
7159062
7655093
7958457
3393784
180343
3278354
1420949
2578921
3969405
7610296
4245204
1547691
3745911
1341187
1839150
1450763
3264496
140085
8626563
3191116
1811380
7904048
2828897
4629415
1121402
5549639
1199296
4716569
4879441
1461129
6755859
1161066
1967301
1185718
4880133
7252859
1607638
7532527
2626151
7520485
724810
1384052
2642718
83492
2642456
4482852
1787803
6374729
1683067
2555704
5958770
7606030
9932919
4563922
2228125
3303880
3348859
7561177
7748743
328654
2993150
1874724
275384
6343098
5365638
7789851
1864436
5594193
2259781
4509477
2512932
4433143
6802157
1159654
9880439
9775452
3394227
3638224
2453279
4466195
1401572
3602175
6258068
2888889
937803
1320161
5560821
167462
1790689
2194462
3984317
3355632
1948895
252397
5294023
6439930
7424093
2933433
2912925
3477940
1544303
1154720
6675559
217545
1289083
4381716
2106478
5798351
4677626
2191458
2161349
1225715
2943690
217416
1166110
5434674
2205500
1686883
4685597
1443703
3333434
490692
192520
1731388
1697472
1225693
564639
1812360
1900018
1824851
672976
4834837
2188769
3188224
4832030
2236117
1462764
4128603
180173
3469363
2455
6448671
1535651
1222794
189339
328453
8600836
3400072
1135009
1981199
1100897
2983780
2180305
1777021
1299571
1628157
5169062
646967
1489474
2184889
1803643
4483314
1474843
3589031
2440737
1966983
8339300
4671208
3643164
1696914
1852299
4303782
3432586
8434597
1398974
6871023
1182711
5781734
9986016
5721646
1482840
3768263
6329791
8307093
1521995
5292067
3567324
1515232
1401723
3467566
1658324
5801313
1570740
7558953
9626290
7721912
1957145
1363376
3458738
2903506
2202121
7664740
3279198
7370270
2517200
2509359
6952599
2259695
3530981
3445166
1873210
3719755
5601312
9219120
1354477
6583345
3887277
1696834
9272456
9223064
3743993
3336765
5375978
1532931
7628229
2561898
4189262
1316943
42733
6281469
1782445
2838906
1469583
3879300
9774880
7656890
5819279
3484479
2702335
1652232
4981698
1831901
1925648
8626079
1901583
3197640
2889624
1699829
1463628
5555095
1409532
1752796
4176877
2486149
1770114
1965729
4269788
1242863
2197909
3447260
3691396
1938666
1743075
587853
1684895
5507397
3930817
2810609
1616929
7885527
2373839
1661940
1956551
1797124
1648789
8436059
6168847
7856902
3322384
470420
8734597
1524185
1161625
5598494
2220035
7242597
1808777
2350195
1204973
1911191
1306956
523501
5451497
1128802
1540913
3134939
4917773
1195083
1370766
1854738
998988
4253382
3466535
1545755
1619314
1439136
3329622
4502784
2991853
2789619
1595143
7126996
1786625
1275037
1351849
8132577
9848148
2499547
2688132
9307387
1457927
9150608
1433672
3956989
5882283
4743053
6794291
2684934
1821665
7389881
6256077
2648063
1851324
3754476
1624666
9850048
9650147
4401934
2600584
1912424
6900685
2956106
2218058
1827326
3340240
4162795
6740673
1692748
2210344
1151609
1580057
1569457
5366929
1954141
9331913
6529415
5250587
3534684
314693
3863708
2516178
2351128
8259138
3319861
3943824
5291965
2997455
1627759
2592718
1344820
1421137
2767245
7152449
4205402
3520830
1235764
2507014
1157406
1566074
3487511
7183887
8895904
1194315
4258946
5107656
166719
8100141
1751315
2697470
4338932
1438799
7991136
1573507
8129591
7186043
391904
7305344
4638384
1960633
420632
2946976
6381172
131606
2421338
1155162
7170735
1124351
9910131
8295632
3662113
3813610
8586356
3871519
4418458
4130524
1231998
1266768
1747820
1146459
3660174
6984869
1764849
6400627
1647981
2337173
2553488
1421274
9658063
1778686
2511354
1647295
1381147
427765
1261724
7127543
7244843
197226
1310176
7722950
7512458
2655535
1594700
164966
4977181
6330895
3608783
4899519
6982284
3546995
4665159
1588825
5941245
7810197
1875693
2967350
6342787
195751
1761207
7828925
5875635
6503781
4257082
1162763
5309424
3141839
3594540
6784450
131820
180469
1522885
3589939
8446317
2752036
1764793
2236268
586816
1110590
2299188
2963008
2651922
3575539
1241403
9898654
4577154
1124949
6457498
3146880
7551158
3134468
6787236
1555925
4935573
7786522
1463243
6554086
971385
2281736
142304
6564635
3441175
1995605
151977
1348825
1307206
2293706
3391816
5181894
2646850
1133048
1602083
2456469
9336839
1100347
3798936
4973070
1595870
138554
2829005
684125
8393023
2926711
2936416
5404575
1679122
7305344
4193831
6792216
1932194
6521888
3552827
2753066
2462494
5905815
1679091
4770600
1641129
2179397
1465759
2513310
3373263
1973290
2644018
293572
430338
627066
252271
8985532
1257250
5369822
1229346
2561115
4714503
1606912
3740871
2749029
2884641
1143467
6667480
1808155
2406987
4551191
4200646
2140084
8111235
1643703
2845505
4931651
1548281
3530576
1450848
1151403
1453589
3845575
7562558
1114075
4889867
3281706
3669860
1293469
2115110
2660327
7688567
1298166
1930665
2971537
1127552
7898454
8214649
1317423
1763380
1172778
3458152
5434229
1953432
2654943
4840121
6672576
1311426
2149638
1932389
1341055
51153
7967186
4415853
7283844
1646828
1250334
1518994
4111986
1553356
4808541
1246509
1557256
1540133
2979541
867942
2747402
347454
8250684
2206530
1761459
3114631
4125775
6924887
8636270
3325243
5824244
668263
7956015
2178229
4559209
275765
689804
4409750
2907462
4364760
690313
2894112
6553797
5168889
2472615
47679
5635173
9229752
4486968
1798361
5177219
2162208
256373
3314339
2881635
1822941
2839332
1662191
421651
2448067
6384416
7549208
480068
1882123
8929166
1508417
6293430
9952020
1237678
1361220
1112881
2989003
3919979
1598224
1441026
3157344
3370949
8122953
6804055
7597428
3629439
1677966
2421482
1665431
5718882
669346
1585372
7543873
362231
6997632
1504217
8957309
6724996
3411533
2364056
1197904
3706867
3660234
1816252
4141167
4511798
1588406
4682265
1766541
1199270
2248613
3415690
5900339
6486398
4449773
2530399
385357
5117820
2217584
7151698
4668249
1488993
2842260
5384856
6185718
748956
1154554
7680344
1384582
135980
9738956
1399155
7996208
7713303
1853755
4127273
8593509
438937
8551333
4963492
326416
2227275
2921991
6909853
6434030
5417454
522776
2170775
1860679
2956018
5376346
1836498
3879084
7202747
666771
2169042
2897976
1745449
1973655
7785662
4820096
9387137
7131326
1640860
2595935
296498
1195794
1779988
1738231
4471401
4354149
3235442
1915522
4521383
6528569
1842287
1347947
9863132
6622828
7493629
7165110
1265543
7244344
5541791
149849
5121661
7110554
7804036
4757007
5190694
5927931
1993997
3257845
1414117
1212901
3424461
7529659
2214987
1173951
6167249
3649656
8824881
226952
3777105
1485200
968061
3869865
1234580
7562272
113028
3459478
7620896
3679172
9675933
1513331
2714590
2286067
1708006
6221503
8512525
9159049
780616
4838570
347492
9918095
6737159
3683300
1918349
6398259
5837939
1497727
9430394
5793339
6117435
4580079
468984
4462048
2316057
7733380
6539935
1495876
163885
1755994
1466189
7706994
2810624
1992621
1483466
6708016
162693
7759409
6847107
2511040
3594322
1252552
1480331
6788373
4570127
396509
2272499
1890491
4196354
1693682
1113748
7980751
2211103
1338512
2972598
546603
5906611
3652459
4325343
18823
750272
8710014
2122332
1570994
4918881
1531407
1542542
3172386
1488850
4848151
149058
4844188
57808
5787410
3769405
2893592
2139080
86656
6179914
3967299
5240484
4812785
5515860
1192801
1416407
7599466
796573
2431326
1760219
4830187
1716117
3129729
3889401
1481495
7649612
1540101
5930975
1911293
3904973
6328733
3200986
6826190
5708540
3789948
7318686
1895997
3970982
4765952
5895090
9737050
6578668
6940958
380188
1847558
437261
1979950
4472662
6980386
834201
3962450
225006
3857236
1880967
1108013
8654722
2462120
3679775
2406503
1331934
1472606
6639499
1615460
6876342
2862768
6354786
4206450
1518610
2748250
3361415
5803449
569216
5740287
4826198
1722334
1397336
2650106
1803406
1479304
2764661
1559243
5330282
1652350
6289058
1550560
7753634
3211526
4615213
3770156
6751915
6557668
4280677
8751039
1160112
9939372
1342176
1853595
1664800
4872884
1878157
1653638
4122870
2670949
4923218
9880426
1723481
2904810
8779510
143484
3249472
1943061
1330393
1310863
2887871
1288233
1150078
4245112
1157360
5726589
119517
1531951
4258888
1453519
1622261
137801
7542290
1961333
5707141
2772663
3650578
1105679
491272
2498610
1380031
2322944
1242343
7115759
866940
9171731
828149
1182341
9208029
1156918
3366896
1153201
4277189
1262504
1167126
8929934
2592746
4569436
3289566
1235816
1255039
7852500
4738385
5538748
2782470
6694327
1343545
2306626
4643883
2308226
3347814
1995630
7322627
4773452
1331458
8420080
1383723
3299476
6264477
8647012
3268346
6689627
3316249
4413315
1215894
5731173
2815041
8977702
1137008
3571775
3258961
2397728
6611761
3538240
1841769
1248422
1344348
2662987
5664369
5927374
3755666
8948527
1788785
1991244
159637
1990762
695577
2545113
26886
3826135
4577682
1489062
2185255
3164073
9107900
1923192
8339757
5110548
1413623
1103774
1361445
2563095
6264351
1631906
8662631
362187
2810474
3771365
1223500
1708180
1883202
3520340
8564078
3462044
1736381
8893585
35987
1295963
4637197
8789364
1384538
2885893
5826255
463087
3802161
5558381
4166439
4966026
795330
5406456
2502472
4171835
2976136
7773279
1112811
1454210
5487562
991398
1308456
6458809
2512485
565774
7365141
1451516
2948205
5807124
1819825
1864893
9665812
4103003
1488557
9508016
1382502
7883066
392180
137446
7392189
1862285
1340310
2613133
4198988
7203491
5225352
2592514
9793393
8670584
6498459
6289877
2250647
2222225
1705274
4881375
275639
9815851
8653661
4859776
1305081
1906797
28576
9621802
7811109
2531845
7407331
3206869
2694579
4780242
8550728
9601299
1598288
6580067
8506163
8909358
1586470
9502457
4661293
874818
1216131
2605280
1325152
8537489
1702913
2857809
7153978
6225717
2401632
1102608
2563287
4255006
1407331
8670157
8673926
732904
2560272
2967514
3707379
3440970
1647850
9566288
6339227
6750882
195804
3794177
261584
7876054
1823138
9135754
3133467
6508672
9220490
2757593
3559325
1283472
8735962
5235438
8651498
1856334
5750602
4893729
162597
7533669
3518244
3927239
8510359
1870529
1981073
5235973
4234508
6954272
2946143
6738661
1132846
3177273
7475599
5475910
1114482
3510515
7190750
2832599
1958618
5882097
687490
3964980
3135421
156185
1940278
8851603
5743719
1551320
8438265
9831000
1499240
4687549
3217099
2457063
5317908
1812791
9378521
8578513
3133848
2100005
2896475
7467772
2733621
3725725
3485889
6629299
1932597
7547561
5796829
2207055
4174444
554029
4276343
4973156
1174247
2357946
5731266
2849327
3958890
4242096
6607411
6115796
1278641
3373871
130999
1736889
6781466
8975083
3940518
7418159
3888244
5676366
4494789
117124
727426
5907419
1828047
1803434
9386631
7282392
3297975
4759683
3346168
1753164
1230985
9608719
4857552
8119609
3791362
2598854
1395510
1908523
1622528
6617520
9254119
9282113
1772105
2142353
5598267
4927596
2145979
3540895
1174383
8324351
1760363
1682603
819959
6664116
7829666
3140086
7544306
1607491
8209370
5303830
1911904
5537268
9235999
3795586
1701217
2350236
9607468
2549946
4696669
5326310
2744210
388975
1189524
1908064
7716212
252365
2690383
1232480
2888113
9688433
2481495
498179
5972657
4326969
284562
1905779
2142961
4689357
1794906
1850561
2264519
329297
1212440
1301799
838397
2929209
1821950
1657660
7450417
858445
9552863
1258818
4609006
3478778
1105781
6711931
1432795
8847563
1685346
330548
6545985
2886678
6569070
1907975
5107072
3916483
2281472
9933060
1918619
121527
1109726
3181152
8642763
1130575
4194025
4151788
6713075
2298755
1372486
2746388
1613778
1644717
8334834
3523521
1507745
4686817
5768373
5784734
1408196
6832470
4614560
4289428
7237381
2342955
6851082
1159064
3140461
9392894
219622
8207110
4323341
3188590
3409389
5414824
1521596
1884278
1730604
1747680
1240775
2635541
915258
5982866
1773064
9921526
3119633
2597695
3896321
5323571
2614335
4470074
7351396
6792366
1308866
5857891
1388892
8175229
5126433
3573813
2509709
4622454
3244312
4453305
2642662
1800186
4469889
2453277
1351213
140904
1171847
4415910
1639813
1589345
1546913
4819121
2353449
7792727
1110525
4792715
1558578
2940914
1619705
674827
1535932
2414363
4614294
7270534
2562032
1114809
7710332
4965621
5316254
7124040
1950257
359694
1891336
7522845
1664253
1873833
1714408
2383129
6372112
5528395
1742688
8895233
1808001
9458613
1558625
6401171
5288451
5104289
1524128
217061
1486943
1897856
295718
1252970
1548798
383004
1798167
14434
2868206
6371956
1183912
432494
4397177
1557689
5819
7571922
1877188
1864754
5899814
1500293
134181
2190638
1654156
3536383
3122448
441782
2594451
5349046
7417833
2102130
8846377
9679000
1198802
5461288
3936600
5929746
6606699
6839350
630585
2217946
3988657
1225650
2183803
4928078
3671553
9283659
7302055
2291805
7765742
1496137
7431513
1973918
1625459
2893132
5416866
5661856
4846727
1195254
1316404
4724035
297646
1458358
138864
3216124
1266233
4543192
2713281
210425
1661354
4569958
1546223
3624195
171853
5249087
2295180
7751490
5113061
2748478
1356378
8377047
1588257
1299181
1318721
5752244
5215931
3438238
8518595
1532512
5982146
6540690
2638474
5983758
258802
7777820
7675343
4365992
5965722
1566552
5807517
4594491
1736860
6796597
5347246
4561371
1256595
1350818
4312403
8374110
2183883
3601966
2165188
1612349
1916944
1981902
1603434
6586788
2759779
4679064
2896141
2860568
8170830
2410667
7951152
3931047
7813637
3281385
5218385
1377287
1540566
494858
1436487
5241300
1665949
2863949
1764177
2563629
1876857
3839386
3746522
3922866
1796217
2564065
3597586
5316260
3497760
2609695
7726783
5807831
1927077
3411702
2768954
1887936
6586655
1801022
420239
7943436
3538359
7114535
2832415
9451328
2621270
2645327
3927607
6235020
4355264
4190257
8348766
434839
5341110
181716
7502491
174789
1274746
6477400
29369
4811952
2804234
1493935
9359553
2427308
3721750
1260595
689261
6499026
5891564
6495359
6590908
299744
264525
1871668
5117254
1990456
3210426
1543863
1125764
7587510
2957774
2656715
2910527
4638804
9756512
1801648
5637686
3952783
6399426
1322084
3810503
1995995
1508690
1268726
4684221
112467
2469552
4874082
5989328
2935256
6823100
5197811
6268782
7296532
183759
1257467
1595469
3481149
6761053
1640680
7108292
2273078
2894627
6632768
6331525
6467293
3168573
2299507
1985780
2212518
5148681
1608639
9205140
2242453
1701384
8863809
132790
7878660
2419574
7467966
1175480
4838936
2494071
4846886
9695040
1733411
366273
6459003
7407383
5145085
8358553
8690639
6144261
5983740
114508
3524195
2809577
2533463
12751
1907586
957263
2351753
3474673
1300417
6749478
7106241
1847611
1689440
9834088
1427808
9660727
1675962
3266332
6994977
144151
4332041
4733683
1410593
4599169
2970840
6811595
1749661
412483
8332084
1478604
1330686
1963345
4707909
6729771
1868557
120980
1287006
2616374
1934268
1426402
2643950
2252859
6987826
1927093
639940
44652
5290019
1421247
7722142
2872851
3381121
156320
9854308
328919
482084
4617094
5741970
5632907
3213229
1176968
1360844
259357
9696267
5148081
1172262
6737533
3922500
4645582
9788819
1938143
8235157
1303663
1803997
1418699
1583636
1452065
1277506
5827497
119840
5383481
1237524
291609
2120040
5290740
1809244
5911364
2694995
124116
1806891
6115856
1664564
8443694
7256793
5851409
5208243
1230165
4369347
1396732
1142962
132230
4560331
7842631
1107438
6983767
1823776
1808297
6687683
3443455
7746148
140896
3948775
395882
1216157
1237776
5789207
13009
3911275
1100973
1561836
2910531
188895
1998733
1461580
151631
3493841
5619080
2665293
2599082
1214100
1896087
3610384
1510742
829424
2576270
6799226
2623143
2111409
8451042
1809628
3479909
4167895
7219220
1173102
5414885
1406325
2824040
5632932
1596471
1182599
4794412
2346539
1211500
1884055
6837630
3918990
144748
2993022
1661714
1320695
2683657
5816362
2262340
1604570
4129746
3167061
2417091
1462399
1319585
4368894
5430312
5925504
4343856
135541
6998335
572846
2152879
2793470
6791226
6384467
155921
276607
3404039
1965956
6757618
5821959
4311852
3296011
2826744
1774580
2356526
5786033
1514996
2822307
2331756
4395625
4912794
5414926
2172331
9533760
4967854
9333480
1424843
5351084
1224603
2177093
8480115
6324115
285785
1260267
5626741
3563346
2297885
1667771
1630210
1947755
6202101
1489596
8201608
1733493
3972914
37728
2504870
9664232
2413147
3485490
8805737
185300
1829412
1843367
1798421
2521588
2609309
1700283
9706939
7867587
3836209
694695
4907419
2196933
2807529
993679
1255262
9950978
7593868
1787266
3343997
3465451
2934599
1906190
5382969
8528939
1957360
5391370
411644
8528459
2651001
3717950
27546
3594911
2945174
2360228
6465062
4947383
1180841
140149
2891354
1193697
7292335
1634571
3919317
5294845
1682500
3659224
2257029
7566736
4318565
2358077
340730
1229309
4521690
3448900
4839607
8301960
3245350
1997337
3492493
214521
3754418
4406439
4946285
4408635
2830235
5645628
5802695
7416326
4978772
2302646
1509262
2225333
658216
8297030
2417858
2921347
1939368
7270646
6994541
5430311
2441158
820103
3623199
8206251
1866334
1661302
546729
9161387
4872051
2906625
6409043
3126727
8881769
1313573
3614247
1457522
2891692
1565030
8161891
483453
370665
1655317
1307870
7362173
1702132
6599196
2378558
1795485
2469068
3948765
2194761
6833695
4945361
11366
2332307
1273770
2728613
1647850
6182204
216754
1773375
322346
1126599
3137675
2704652
1781640
5554585
9101964
2439791
1739186
2308900
7303566
4296278
7297496
1895674
8974220
198303
3496644
1768660
7376545
2103046
144742
7144576
418621
1486754
1755546
2960224
9649986
2328505
889653
7822890
1668370
6372801
2114696
1596314
3257567
4280644
1543088
357748
8839339
2106635
8618663
3370004
2383372
1353535
5264513
1595733
164008
1495815
6727777
7916265
6133105
5891932
2940797
7536987
1975375
3424558
3466615
4348874
558514
5299592
9292421
2494871
1651897
6525370
2340410
1513014
5832303
1810163
2463014
7501813
1542850
2409332
2971033
1582680
2814650
5798282
5322419
3399087
1845653
8474182
1117649
8213016
9255198
3747635
1185772
3419819
2424917
3766197
1381857
380189
2873297
1348310
7360612
1968557
2308404
3375565
6136460
1504705
175909
6190393
2465360
7736710
2692694
1203959
9349518
1401389
7471316
2729110
2425945
5404986
8909978
1935738
1620626
4137881
1330929
7906514
6453217
1271200
1574569
6916275
873301
4127367
1820928
8342194
1415070
5255189
1577668
1410318
5858901
1358391
1289297
2658474
3615401
255026
1960608
8261572
755836
2846705
4318722
4590716
1479505
4839673
1470175
3138434
4836197
2765594
8430780
4386824
2988999
493421
2382523
3709885
1331377
6190033
2181982
3165828
4935234
1690169
2606461
5251839
7725411
4534438
2848591
1888823
8197068
1861658
2225841
7121766
6935119
7927110
8519745
9961255
333131
3320210
9768147
1196577
9355022
1122524
2651656
3156443
8208728
5457303
2306482
4318611
3219048
2499535
6286300
1469923
149724
3378309
1963461
1886460
3692437
4782081
3433892
5592677
1822322
1598592
1743349
3644909
4952917
358406
1681087
3967335
1386782
4556285
1549576
1372488
7676051
2928450
1222558
1842101
1206051
3398058
1928314
6875956
1895456
5694088
6471162
3878292
7792651
2434946
2628660
4736373
3956034
4172221
6900792
3807937
2640887
9260601
5772886
2493737
3811081
2175936
9561308
3903408
59727
5499282
1778985
8641848
1694504
9401836
1499886
3958847
3752686
2560123
1176069
9949311
2513915
4747231
1529620
1108908
1125303
1166895
6435744
332611
2340168
1445556
2894687
373471
3832739
3587018
2540604
2101840
1253017
1290673
6371653
1169417
1286097
5510941
1912346
2966768
1397552
3927525
1564754
1585635
4610345
3783005
8218867
2439141
147099
1143942
9151761
1883192
1392900
2296477
9739181
3807179
1485754
1941043
165141
1847684
8240153
2159935
336300
2858632
248767
7659455
2148788
1121674
4405144
1367420
2290712
9845155
4571599
9653629
9300156
1232384
6474107
1655049
5909716
3591741
3273755
7428890
26298
4760225
6461298
2983521
1891163
5140481
9372175
6959617
3827627
1136451
3475059
4908032
1825479
2938081
4657390
1447397
6893167
7624942
4188616
168220
6459350
8231092
461047
1886230
9728762
2944759
2860180
9345030
4222751
8945413
5453032
2268542
2446299
3604853
3328739
2557899
2713736
9335964
1365988
3972286
4262236
3742844
5473550
1877300
4891365
9903278
7962836
1615957
2368276
1693373
1121234
171877
5726538
1437248
8195357
1582172
4419305
1481013
5370151
1919643
1992948
7268325
1657934
4750645
3930710
4973776
1267500
5283055
1254529
4464328
7815645
1140390
2815445
957525
4889349
3840971
1505645
8999186
8765593
1312277
3492059
2407475
16310
2764710
363822
5516419
3948377
323364
5829439
3978406
8829951
4127949
5712803
1626219
2150099
2848044
3896589
1529838
6429956
7480213
632004
2105653
1262157
1737819
5636143
9393483
970973
9860640
7110845
1294764
940265
1828853
3709521
5879496
1423483
3699190
24886
5706469
139078
1325312
3840312
6923068
1657038
2299739
5707535
1972777
2522011
3639117
2348443
1914728
2176436
6301951
5827894
8564922
1979824
3291533
7742664
1826011
1754249
9958795
4490114
3707895
873319
627427
1482016
6895693
7680218
7787639
1586616
3324006
1176038
9276480
1102644
1527525
2990913
9227783
1579159
6890457
3939172
2576452
3467080
8346103
1137099
7293744
236804
2481735
1228005
2719737
186671
666708
1455755
5180234
1563820
8979829
1805763
2295383
3542867
5496141
4517726
1435223
1108455
2447499
2796779
1717885
1993456
1182266
1850629
1860083
2553754
1826684
4746877
7282428
1751351
3904259
91304
6537971
280245
8177894
3446350
1365876
62198
619542
456746
2669618
1495730
2198767
4482609
1371479
2681436
9813511
7108143
2956102
1406655
5767725
3666551
9952588
2531745
3876797
3184067
2262326
3432416
1939700
1580917
6416248
2907563
2890253
167158
4380117
2648826
2862508
2518004
4472383
5572153
1870733
146056
1436443
5879803
2695608
5353325
4379492
2839884
1700008
1689275
2860644
3301806
3380991
5474508
4178266
3188909
1198626
2498767
117960
4806765
2578701
4398227
1996203
1779750
5298640
2786986
8734257
6271834
2804270
4874613
3718910
2927910
3265197
2453997
7484445
7264550
1394496
147680
2310725
1410648
4284540
1343532
1436569
2515826
2828332
1470870
2576211
5245602
3359727
1527894
581360
1119808
5982547
2669653
4965629
1203444
113566
3368107
1387824
1398081
9369650
1722599
2976546
2776148
415103
1819978
9525896
7932051
4176573
9747368
1479518
4118936
1307505
2358623
6987328
4550144
9271974
3348633
9933119
1484788
7842184
4426412
1799613
4838721
2705756
6737149
2971650
7509551
2438738
1389825
8361930
6133996
1823675
466990
1501941
250825
3372187
8807861
1718562
1693121
2604300
3620167
5177457
2928632
364940
1647705
3442279
6426938
2336496
8158437
9671118
478296
2558736
6568491
7726071
2885193
3535464
4247268
2329080
1788998
9709971
2382013
2595452
4963541
1350893
284062
2916479
379077
1399645
1720220
9452102
6407835
2227541
4472774
5654305
1337331
1800302
1725933
4370441
6491600
3315280
215952
2887792
1565356
5315382
7491496
4166712
9304252
3716969
3604863
116818
1117907
7280536
6295563
4407750
7389955
152345
1750522
1769216
1244018
1114315
1142106
4722100
1814089
1812896
4170571
1882768
1899068
7465387
1999647
1984996
1511866
7306988
2395907
1737358
5482907
8588737
1656689
1571613
2662385
3305916
5270880
2796308
1699925
1932762
2297092
1784192
1205461
5738333
1790804
791541
1789651
1244548
3658313
4661448
8683595
8647150
4728907
5100442
1914629
6680144
1778397
7623379
6962380
2237713
8823632
2433370
276795
4762752
8167484
2555278
258475
6870328
2520308
5149936
3258465
5469988
4205444
1189850
8895241
8631599
2658911
5311121
1826578
2367900
9122455
1636111
1548397
1637045
529248
1628936
1191389
1301584
9129067
8502003
5550576
5879453
1378970
2603449
3203576
5995392
8767743
198146
474869
2953691
1271333
1605136
3303176
966086
1484919
6119423
5609732
4245602
6265092
5553674
9362884
4372414
6797865
4511255
3367997
9349910
5432386
1254487
3750653
365471
3903885
6747617
1760106
2656091
169929
9133100
2479308
4259759
8739775
1777227
3339780
1966949
1557816
1379102
1631608
4309227
4828321
397711
8906718
4633950
3325154
3619548
2128422
1644759
2815787
1717459
5478536
2351736
6862842
8847219
1992782
5348710
6561866
2509317
1434981
558642
1778317
1177066
6139400
2352028
166691
2261237
4406679
158964
1908671
1743619
2876629
6773639
7160840
5298541
1239307
5442131
1763183
1120555
4791881
3409948
4800971
2859804
172688
176177
3835139
3908688
1187059
6721579
1289950
781330
5410651
8734483
6790744
1416622
1244867
1118689
8619805
1991250
1356681
9724254
3587139
2163132
1447047
2818540
317320
8389724
1799380
4972211
3358340
5860478
3178071
2630656
2396787
3669199
2632856
2349056
186343
3380102
9485027
6950760
4615293
3162298
249874
4293068
3886925
1701458
9363438
4169518
1782883
2940176
2297040
1403848
399796
1385742
297940
7346518
1578850
2200035
7689029
2163965
5921766
3657958
7463515
8517908
8347358
7772929
6810919
1795237
2297672
1304270
6141470
9282578
9627870
2158327
5698674
3967017
3926655
2567764
3339324
9511674
1149169
6389214
8485768
9549954
9277243
2443514
2815316
4819373
2583127
1425427
1925727
1661638
8202049
2369333
1194898
3824937
4142903
5356988
5143366
1728565
1669042
6564093
5709600
1808404
4339409
1262902
3164652
9196997
1840044
7452027
3456656
8352214
1162046
2856558
1789463
8739712
282372
3464312
6393127
4621591
6839515
9956299
3356788
1346152
4339118
6199805
2282544
2182199
3601851
3514026
57532
2327389
116001
585865
1137229
8807291
8986882
4923866
3296417
2952663
3122562
1251010
1751934
6760097
2453410
3210991
3460619
3785919
8279606
6208689
245682
6267758
4754349
653203
1156448
1670417
8611525
5453305
5633743
3300550
7465600
8995854
1888975
4615404
4939054
3546046
121034
3404450
4267282
5578037
9714990
1859594
6427303
2288442
1319473
1935497
3573289
3767855
9703090
5905080
1243756
2169107
3181792
1903023
4504736
1255202
6238563
1930304
3578535
3950423
3566770
8367501
4472647
4530090
7416247
2504217
5675115
1135871
4874969
9706594
1435015
2305613
1857410
430519
3255800
5484192
956540
2945067
1586813
9589412
1199945
325136
1247999
1171824
5849013
7812800
7332196
8412623
1414885
2624133
3911497
1433061
316984
2584696
7720520
5312413
416375
4340927
3624183
3880252
1680105
4323205
3102691
117883
1613101
1917394
2909461
6150564
9554428
3967117
5671490
8991211
6686705
1416312
3161907
5332599
12203
1869575
2141144
1914943
5633905
1231112
7848543
7837258
2331459
1261345
2279135
7355135
1794004
366543
2273918
2478448
1865990
5974775
1355334
2407349
4998632
4679968
3171730
3613653
5454674
492840
8956209
5433151
363214
7725887
3252145
2885679
7964452
4111459
1308924
1665419
3918408
7149229
4390256
393267
6913010
7218957
1876749
4793846
2233716
5271936
2424645
5975001
3345202
1629356
1278403
3357606
738077
9829417
7195473
1434409
2490054
1695634
8905214
2144134
2185240
2462224
4455677
1909282
1487525
1728411
1712115
415834
1274474
3852585
8964205
1252550
4283181
3993476
1307016
1649498
8169917
6410473
6292656
1595547
1660186
1189585
1245749
8667231
1590334
3231334
1603414
5381561
2839799
399621
222642
3262952
140664
1221389
4124367
2824503
9841646
9643978
6206633
7309168
8872540
3397550
1880033
1220228
9931002
1846097
8890812
194196
1608736
4820507
8228813
3845864
6111601
5682582
2911143
2628213
7700476
2545098
6291514
2907495
5365744
1222301
7422048
1536010
2975360
8437779
4898281
4928127
1425565
2199022
1738933
1238429
2765510
2330786
2179537
3651612
8591297
2567704
7520262
7603381
7720072
1190050
4140237
3410847
663694
1907098
6667326
1539759
418632
3176704
1262539
4860750
1255930
8336670
5417588
170137
781860
2912935
1727221
9531408
9519758
1243159
3812489
7514316
7695050
9835434
2466773
1970213
3630720
1894900
9227037
1165834
6660381
1809782
1728010
5804496
1377172
3210417
1954731
4555724
1650670
1151129
1725362
8477335
274070
3926135
2155444
1975885
4873302
1528730
7602565
1338832
3724249
5881975
3849990
9727313
7924380
2634528
6940237
2163210
9475326
3427224
4159781
1270923
2275475
1570218
1112345
3739350
4720495
5867208
2784053
4921994
748996
1100145
1558149
4664288
5304426
1568463
1856550
2903159
1819883
12612
1631635
4387173
1949136
6988661
5108728
166676
5220565
5171002
1793687
8863589
173314
2665790
1309828
4607766
3691064
7877064
164887
5619937
4182937
1270233
2311382
1597709
2213709
1496488
8710471
1505661
624071
1534593
1144276
6332518
1302984
1738896
7164528
2628741
4317334
9558327
1953293
7760152
2330011
5342488
81432
4166513
3726784
9679150
1201493
3616680
6989777
1818647
438496
9459040
1325757
1397788
2279668
1332305
1990403
4249982
2836847
1857885
7117342
1269459
2178746
7233875
1603506
2348539
1537731
1656089
8740472
1510506
8389682
1767341
1234433
1361204
6306882
3938126
1633289
2499949
2255745
1682866
1776604
2392342
1543928
4797112
8590883
2837979
1989058
1316791
2301790
1475897
1463535
3725431
4764249
1722027
1560158
2428622
5140139
7881852
5891659
1216928
2259357
1157455
1990280
2908656
1181150
962191
3547254
1879545
1403159
1880586
8487813
1771354
1949516
1534338
2332905
1767589
6438101
6758879
1622836
2876298
2638446
1247889
4528878
3759749
5162429
4666047
3907616
2977677
1283489
5539834
454684
417447
1746944
5800133
1119468
4707362
6157434
845115
9391471
3238597
1333475
7119536
5297811
1896222
1525466
7785023
1213785
9288741
5564633
1285841
1158706
4757830
3468228
2522523
5953597
2764562
3458337
4264202
5610279
1618678
1202550
1118606
3186166
8108705
7223255
4488606
1782135
2989497
2500045
4612376
1758980
4459840
1257070
6232934
1674888
9852977
1796286
3627030
2622952
1452
2767838
3822387
4711323
1452209
1712239
8609790
1556079
2404499
9417551
1647289
1443366
1570925
6267768
1174523
8172943
1391352
4600958
1795799
1868367
4286723
6738995
2864706
1821190
3784618
3793995
2187682
1705042
2421487
384135
8755110
669730
26580
4884953
1701421
6719780
4547264
4118438
6137636
3845018
4668626
7981956
4402192
4557820
7645788
1787077
5743229
346439
3225977
1763808
1740742
2353046
1197005
184893
1333627
4766275
5794688
8970487
7866175
1669187
141504
9904295
3628570
9739640
1504754
1365399
1636800
5349318
8986120
2543010
1145376
5717811
4687200
1868777
5553800
3906234
1483471
1133593
1699531
4138342
1426796
2781596
4214440
4639787
2885752
1867726
1909008
1471713
9809073
2357109
5216071
1539145
1681510
5291714
6283128
7204860
739305
6906373
8145563
8260645
2919125
1938643
3257983
2727882
724690
4984762
1478026
2235271
156782
5893771
1790708
132086
4326141
3250820
2837511
4300864
2962326
24700
116277
249190
9996481
238669
5915971
2326097
2632899
4784061
2633913
1330174
2246948
1678127
1815345
5708655
6481875
940137
4543073
7647659
2124910
225010
2738280
1129922
8785326
1829183
3425982
1259727
1412488
7284912
5337466
2420370
3648776
8919596
8549748
1498470
7243490
9320147
1921204
4147033
1453793
1677547
5249375
1658130
8628544
8744756
4233812
2677731
583851
1843061
533916
1258609
1260550
7191935
1955543
1917228
2916645
3713295
2850810
7735683
1196799
124773
593534
8740332
5126807
1739210
1398254
3277812
7427752
5337185
252178
9540242
1857112
7896796
2105663
1595856
1321751
9498156
2825501
5860818
7320709
7614893
2648779
3414565
298817
2454884
1179809
1334295
7671690
2667734
1279666
2410112
6965914
18619
2654200
1335241
6997504
2805998
2672275
2423851
2957326
1679972
1303437
2411090
2369149
2436307
399362
8390088
6608221
227308
3648818
4100830
8499354
1581415
9367034
4665483
2515793
1991556
1157462
3671664
1432322
5838741
3782671
4783285
3672243
8477900
3353388
2379394
4269171
9139376
4703583
3893835
1765342
2737887
9736394
1298624
6696551
1803506
6154030
1423335
3775191
6241288
1719379
2181320
1292705
7212179
892449
5381077
610415
6528042
7409651
2880952
5809171
2629451
1245163
1454623
139507
1543456
4157079
4685949
8319953
9537605
3131580
5833567
956353
2198319
5587074
1335758
2759569
9961255
3492705
1273303
111013
3827165
124648
2284264
3433472
9956465
1914610
1699966
1671179
7736312
9733668
4956812
2215272
9135069
1114948
2293620
2746307
1968822
4397208
7236094
4618826
695387
7819204
1599456
1771544
3285281
2471821
1152696
1186499
516657
1295103
5197257
1755045
362929
1707004
2122705
1746331
8294725
4490188
1139620
4752758
2939826
7346134
2101741
3268842
8479677
7775110
4939973
7714270
24116
2912668
7217603
9661174
3734346
5705175
1832691
890432
9945232
290477
1936980
5364385
1280208
6314763
4729208
1599709
6648610
2848679
6555800
2848325
2782809
1365401
4904510
1291618
5250822
3385412
542646
2319841
1684748
9756605
6838059
5776620
7827041
2911315
1707877
3716026
1205875
8290257
5919724
1250762
2924570
3737376
1371124
260483
380579
3628041
1288270
1336176
271673
3286395
868920
3903025
328482
9899472
3634131
782686
3735777
4528177
3772217
1149509
6894450
3536709
6621001
2155252
7770734
1318030
3535540
7130515
1301905
1402254
2809233
1154255
3247316
2307767
219756
3435166
5770830
8495854
8284356
1809010
3206042
1655364
1982151
1911055
2318799
1742996
7511226
9797858
7701773
1964577
2338847
3391784
6816352
6458908
212075
2732601
2764426
1380872
3499838
1390291
2675885
21276
2728251
1717647
1293470
1835481
3615799
160761
3834595
6910758
1316626
6136678
3706575
2199539
1712478
2165655
3232840
7117326
3316661
8578070
1635106
568914
2503742
6878088
2280456
4746022
9699393
2604428
5652645
1709464
282001
6584645
2353055
6730238
21113
2451955
4532860
2903309
2515621
3181291
2855214
4123280
1755159
8512170
8123535
1893145
7288935
6188167
2655299
114686
1318955
1593207
1508666
3732162
6891179
1882023
1810007
7446005
5338063
2596987
1486050
4699187
8633567
3323065
1793375
1550713
2235026
1674413
3227894
1187501
4669584
1572092
156413
7833481
2390141
1525692
638192
1607531
5126126
2477550
6817690
1733195
5820040
1312185
8441311
4129587
112485
526622
6947394
8387864
1551890
2834899
3535768
1874721
9959947
1591216
1498103
6228767
1408714
3622464
6476271
1401655
8622141
3626459
8978109
5294842
138657
2493366
1609744
9924411
1465709
8934549
3715895
9839028
1282861
8607434
6467722
7661633
3595120
3362896
3225835
9510273
3547283
3181461
7647359
1307567
4984744
1859470
149973
2188680
7951257
9173193
8845277
1333972
1381311
2127909
1135344
2760320
7482443
6588105
7968321
166621
3626409
966517
1163010
3249640
6429670
4790255
1839083
2335534
6502284
2456866
5894400
3256407
3912738
1540555
1867361
2140442
1357790
8379329
2411608
5357261
5506940
8437015
2604030
2904374
3412224
5483170
5367649
1346004
3765337
571027
1828770
1567403
1278132
9363600
2221001
2374041
5499033
3641954
2968910
7833141
8572673
5878163
7836744
2786685
4435332
8664421
9456987
7557584
123277
1790666
9763121
4967947
9881320
8467826
140334
7450718
7280863
4151737
26816
1205058
6921518
1117741
658744
1778475
188065
1735574
7218799
1673067
5103961
3334447
5144624
1485814
2445273
2927714
3819953
7172167
6534365
3984520
669850
5173466
5619327
1881674
1387660
3170084
3977961
1955393
1680790
2703755
3234935
391173
1815302
7323291
927395
5696819
1630791
4695913
7889622
5844421
5370657
6896589
1459744
4573871
6342499
3120022
1694475
1992391
2824959
532927
1403763
841507
7568022
1168756
2301561
2438015
6276715
46095
5950314
1532057
1255571
3422482
9164870
2633359
747817
5114765
6508692
4257651
1275334
4529910
8704018
5436589
1317467
5710793
2824436
8469785
426044
1956654
7432828
1136697
6128513
1275549
4656363
5723712
3978480
2141147
4120231
45275
1371709
1131251
1352839
1146273
598358
6800190
3509317
5954368
4318477
162563
2108197
1405860
1252094
6410386
1507755
3562001
1716997
2153742
2382651
1440156
1553521
1131951
2900158
5391174
7849426
1768591
2756047
5497316
1999880
57514
2994711
3143986
8687249
4790793
1576961
1713962
4536867
1999441
9113781
8399121
5292267
3913045
9606015
1663627
9109452
2228162
1802464
534399
3772263
6670778
1706329
7310616
2487735
1422461
9221330
5682310
211688
1334295
3853296
4102360
1186225
7654952
135135
4326361
5462167
1773409
8767165
4582746
1615128
4642253
2131773
3712866
3975529
323465
280250
1327022
2296747
4887312
5369182
143002
2500891
6803660
477176
2795281
3106869
4212885
1687642
9502949
3946751
6687857
1480335
3995468
1436659
129556
8988678
3940762
1469502
5796224
4640254
2911044
6121338
2847159
1977763
380479
1230181
2670933
1208885
3514110
6264224
3895838
1701710
2516814
2193881
7870205
9746866
4381586
1710435
9440220
1704213
1617968
2604630
223076
339826
9266960
5524729
750691
1958452
1373390
2463126
877057
5121981
186688
4520033
112511
1833732
259585
1646667
4313732
3856303
8422164
4360320
1289271
5818819
4577468
4213175
3810318
1449338
2807758
3825359
6566656
4133672
6712853
7681650
4669518
1481648
1298957
4301836
1257274
3236020
5130891
1209340
6560479
230288
2345921
3886102
1518356
7889422
1612419
7116769
5966181
7459251
896535
1567651
1319079
7433392
5580300
2797817
2904285
5670223
1568909
6398659
1358332
1677571
7490146
1682235
2359074
4678572
7305721
2286446
2314257
1618700
2208079
3329103
3640559
1248764
2420356
4614398
2167997
6814146
2754584
1105517
1385360
1191011
1537680
5112579
1364474
4119336
1170789
5219027
9712682
246708
4415965
1886645
1120587
3522344
2717842
2321868
1236161
1835712
1542512
2522779
9121413
4129957
6279624
9248946
1416412
2630119
2139489
8216706
2337940
1614196
9547051
1142904
2364781
251571
1998630
2732298
6973184
7572094
4163035
1962264
2785588
2711535
1290303
4715213
6259776
5258249
8897846
5387427
1582580
21115
1684001
2188413
4439862
7287201
1466425
4160456
4379359
5788370
6906236
6776332
2775161
18325
8951598
4113627
1774810
767886
1937043
4772718
151756
1351464
5669169
3461415
6627681
5137892
6274078
8817037
2345705
8386088
5892437
8708625
7976526
1736191
2434036
4579861
3527207
1692396
3964052
3695317
2499154
9171951
4489438
5133514
3883057
4847280
5536826
1174867
3525829
179278
28665
3818272
6789894
4328700
7417212
5977433
1410270
4560836
3100486
4450212
2929741
8596688
828679
4489794
3106650
7445353
4488855
1102459
6536176
3467859
9114080
323063
1308380
1663399
4321259
232288
1714236
1590507
6255329
8337677
2505392
1783493
9361205
7442297
612725
1731526
2512726
4556899
9235006
1448764
7612742
1784494
4505809
1591373
8894598
2659504
3776006
1990655
1434864
2952910
4763297
9107590
6892569
2849185
4654960
8316824
4121673
1840373
1967804
1283132
3982784
7790389
1828868
5675283
181992
176643
4194373
1121279
2401631
5152328
145436
258874
1907560
881682
9662340
4665255
1501054
4484852
2533054
166038
2146209
1774011
1586375
2156165
466435
5356805
1755140
1964249
8955356
1227489
1975667
6426808
2918301
5721050
1678702
112273
6540472
5721485
3508605
2164533
1808243
1428854
1620508
3814103
2203835
7189372
2768036
1647084
4197181
1204535
7977060
3614325
1919101
1809640
1201735
7608372
386493
1667956
277840
1148973
4828944
1616436
9780860
5430334
1390604
4361153
124213
8403926
3327564
3471015
8237890
7330748
2962378
6203348
6179725
6798092
4170449
217471
1593824
5884210
2198173
3848215
1271549
4407178
668594
5159946
1312667
910506
6910235
1353428
1735940
426892
2817754
2670767
4583233
1484971
3104939
7751454
1714269
8597553
1937114
2854485
2957409
4263342
1945657
9197537
5983929
8338011
1607778
1312773
4568371
1569019
3853214
1776556
179974
7539441
1640056
9631964
2890592
3561644
4637561
3867381
4913114
4382277
1110486
2921622
3679395
1325482
1124668
1591807
1787083
6110979
4253417
426341
3295268
8683761
2444926
2953388
3599002
1774851
1340852
1261118
2997072
9615199
4179621
1219922
1169405
123605
4373692
1133131
2519191
2672593
1410282
1440939
4838712
425075
143724
1107748
420003
3230437
8421872
1800491
122923
1100921
1809872
5983786
242440
8858657
2927277
2429955
1649610
4206479
8416003
2961934
1566200
5294595
344861
8409667
8867712
1358487
3510525
3393873
1870729
4881185
1650066
3341865
5456283
6536003
8134219
1438667
399024
1866117
3828228
1920749
485085
5517432
232968
8697014
3685260
2319606
1396191
1157356
1425722
5252559
1144682
2958893
5537837
7482971
5502913
3796832
6454700
2844713
2653125
1334672
4805839
2548019
1544780
1745306
1662084
2773527
6244103
3829694
6699756
9301583
7507277
293650
1118833
1404455
6934646
6806318
1208165
1782764
3177891
1218897
1361946
1284845
4787362
1586318
2225797
2409657
3822096
1683366
1745479
3303653
7445245
3268167
3920845
2529733
4981258
6363694
6763638
333820
1382041
5400335
8893115
1844326
1110430
1930688
2447471
3577007
1389801
2885440
4946617
1479405
969650
1394189
5778118
1651961
3632948
8915414
1181436
874177
1451022
1394177
3639206
2458294
6135485
8698892
2394050
1484499
9504439
1377936
4772688
1649075
6395888
5869574
1195763
5708526
3671536
2501422
2395782
1461726
3899604
2371578
192912
1713923
7181971
2310633
1494456
7986708
2978800
1215627
3665123
9517226
4584962
2368219
1831398
6919460
1505078
3511917
213443
7900472
2396338
3908083
1311047
1945194
1946557
6188811
413908
1953414
1117202
6360766
4797941
17963
9384998
2174348
1263166
8108009
311284
1437370
9914006
6395440
5193702
3349019
365391
2880733
2254503
6956772
182491
2253785
1434658
1751416
2408530
1650496
4729849
5819099
3166436
6441972
3795150
4960505
760463
1858182
2614563
2664956
1745291
7931909
1858997
3679077
1502303
6610264
220907
1599905
4375441
1834075
9331459
7120381
1613740
256422
2685159
5564784
1365045
1693620
6285980
8324050
1998212
3215883
5188778
8715526
4140473
9847753
3562923
2841565
9702808
8935280
2545587
2808302
3390856
3486436
1931943
7864230
8448666
4632603
1367995
5445536
4708713
4256794
1963861
1633397
3105575
1885471
6758189
1353547
1444014
1109678
2680399
1954828
1718682
3661088
2828663
7974523
2189450
7661346
1900948
7873390
5840298
1314900
5251926
5951611
4870281
3602858
2124807
5919463
4560310
2585255
4257819
9650616
6297560
3576528
123804
1286810
1154024
1694988
2604755
6373601
4392462
8143035
4922480
6415723
5299119
3622309
1871500
1765562
6847505
7884170
2737214
5387849
4419046
1201673
3142118
1839961
3113581
2932130
9725646
1495309
9303018
273141
1618206
2147804
1565187
2134570
5713160
1601523
3105822
1809105
1626777
2498444
7490083
9217718
2789360
4577383
5961318
6311928
2855316
1181823
1152785
1679338
2186180
6287725
2312658
856107
216868
2358248
1819316
1450397
1539573
4871426
2657565
4783123
3637400
674964
7807092
1178871
4975288
8214781
2442084
6645318
768601
1396775
2225542
4522243
197246
1679261
3331015
4811369
2888258
6476284
5350677
1673456
2324447
6561485
1492176
3591927
731527
3957338
5553810
7334837
1504091
1860804
1491703
3462639
7401208
3892180
2914915
4674102
2179066
284147
7723025
9646114
2705941
4953949
2532279
2184247
1229672
4733011
1635812
1118276
2555254
220184
1546225
2673983
1993940
3830266
1925154
9723538
1113333
8438574
1317944
1240438
6950186
4127046
7675821
1112489
363364
9598220
6425936
2486250
337005
3452686
1657351
2841855
4526755
126523
326034
2949246
1605594
2717922
3111655
422444
1219606
1379871
9679814
1475070
153430
1829528
1193608
1473619
2174405
1488018
5214338
152245
2918197
3731504
8604120
3681205
1691473
2245270
5391887
1739887
2278158
1219899
2816151
1468001
8890257
2235827
7360403
4895050
9514584
4694969
8678776
4160286
188991
3717075
1783775
4524298
1475605
5425997
3255054
8366157
3980162
5460500
1126818
5159006
3325622
2432620
8234614
1841277
1933937
6144713
4496093
2650172
243137
211982
3703787
1272789
3421293
189874
3869092
1764333
2476785
9520609
2777760
110912
8684299
1918845
5699050
219097
2384696
2327373
4745514
6927104
1782564
36022
4615148
192922
4290732
2390629
4978073
1950274
7800032
3269575
6203001
1160575
2185078
6863171
2238601
4412207
5229913
7418983
143150
3868926
1834995
1632082
773268
8151105
5993191
1615972
2756100
1873384
8254179
6416808
3548978
3572881
13629
9587886
8845270
1101650
2217224
3696592
2721862
2114663
2448912
9426271
1426683
3729285
5358672
1806336
3482278
295175
2642096
9666675
6207908
628722
5706346
3997400
9749232
2751516
2947663
8162081
2167687
9274672
3786626
1498047
1328919
9663866
2936279
2935151
8776008
9251149
351943
1220005
1954736
3254941
11736
1469654
4583558
6888336
5907146
1661179
1338739
4993673
1347192
3355284
216245
2923441
2431758
2624364
1911861
4523621
5100436
1716471
1561170
1855043
8241450
7709601
2865027
3524190
3633862
7154147
3506100
1266750
1954743
2975687
3900895
6255946
3620350
2763522
1857919
1960032
2412842
3655226
1130072
5162657
8147717
1476339
4437958
3921733
1273916
5822679
1759400
1926825
1617392
5974027
295229
9913936
4695882
511939
1873974
1720109
1903312
2418210
2432990
2150744
1495414
7794772
1248945
7134354
3329851
2658570
1853123
5266801
235781
5384368
1997219
5570064
1942450
148520
3667723
8230803
4151889
1656784
4404680
9829046
3712511
1678848
5137578
1404085
5903312
4112074
2684657
2774550
3283467
3435878
162908
1831524
148690
1110530
587077
2727642
4766825
3165972
1101358
154518
169998
2176554
5609637
125268
1559011
1228202
1575037
363309
869921
1337248
1541778
2187404
5895475
2344623
7192373
2816353
4958513
4378919
9806445
3282692
1765752
6444559
4332240
2813991
1967523
4641223
2997261
3622751
5908188
2800106
5552358
2694780
4799721
5862621
5680831
1906183
3219497
8402354
4175861
7959694
8946486
1757871
3671971
2862147
1240967
2217807
4998738
1105401
2784991
2560257
5959659
1596266
1924489
1386321
2219084
142950
170358
2758166
5766819
3885938
134516
2404379
2217725
5459376
1565488
274261
7391652
2106993
341039
5218151
2262257
3817276
112056
5500433
8287258
8774398
6835399
4112272
5804174
1885128
1584868
9369770
1948240
1388807
223671
1224591
82743
3902565
6293724
187439
4675938
9963432
7138353
1177550
5736370
1466208
1360969
2355538
680975
51108
2728228
5675344
7476233
6799577
6584799
4738572
8154604
3384385
1860486
3694143
5790300
1862648
3242615
2271232
1523099
4980359
3488392
663402
1968400
1232901
1340237
1926599
6319847
1460102
1987364
9735429
8920359
195352
9797438
1206809
3804131
477759
7968145
2800294
1552475
960901
159814
543720
5904082
6532690
1412750
5848337
7162542
9563557
1897514
2824009
1326587
5462058
1911233
5254919
1429875
4623263
2627507
3195288
8911990
2599433
1400962
1673680
1222822
265248
1264217
3250701
8324363
2743595
4605761
7546057
1780851
1827393
4762152
1584252
8745334
1908634
8801106
2987995
8515239
3164859
1962699
1526975
1455276
2860258
1969898
7479745
4634838
5170161
8982928
1450296
6576815
5285486
1515267
270683
4482048
511286
1900174
6618672
2572564
2350478
6372400
1694834
4206721
4829473
1738726
5700512
2531583
1436171
4875923
87579
623774
5313645
1388891
1297882
135026
3436290
6290155
3529498
3930287
1906029
4389440
7243780
2546865
1484145
3172371
1613127
5539009
7848063
2855863
2210904
2876506
2710773
128199
9770821
3622124
8241039
1674410
3377204
5112960
1135494
5664602
2920496
299660
5126861
410446
1267662
1440897
2226368
4180490
5726078
4198297
4222735
1276337
1454481
6781770
8523943
4496418
6710601
3484554
990453
283207
5675940
2164928
4610528
2574461
1285831
1573302
3860777
1391813
1603261
5454210
1392468
1737702
2999580
2185791
3991443
1366520
2695712
4644833
1395247
3624221
5526270
1526347
8757357
2846598
9268760
3722539
3139857
3690161
3308703
7141445
2875778
1603337
5496283
8621638
3377307
1785601
2800480
1879281
2710497
2596472
1309622
1338956
4476908
2832016
370778
481183
745328
1630007
5443338
1187170
3773814
6801467
1347763
4261542
3587893
1751223
5697478
3253746
1449839
4857100
6885134
2356888
2682273
351863
3390896
2419927
5252702
1188007
4570657
5828355
198459
2460726
1748605
1354105
5717814
6806297
3858314
2485434
2653095
2892379
1602442
6514755
2416804
2231492
9232447
1869911
2113863
5172773
7217121
2146670
6505010
3718573
2919683
1911962
1227914
116770
4119202
3338954
3554097
6648842
5777774
8636885
1858926
1960989
6238447
1850115
5103939
855349
2320529
1146259
9805289
2506980
1222014
1376803
8755057
4289205
3217924
1533077
2644932
172368
1409077
4747228
6536382
7300129
4897208
1570312
8281994
142123
7742835
67817
4848272
3497260
7515098
198634
4770638
6232281
6886118
2566457
111296
1863359
1607044
3786919
3301791
136420
1453757
7762223
8766079
4537872
2171780
2147613
2402505
86573
2872281
4847988
5991161
3500285
2668100
1963165
5114112
1473514
2990215
8679322
2152798
230318
3467733
2637902
7928573
4708936
6686788
1802271
1543858
1915042
1380217
1181463
3523769
1277083
3742427
1683325
1505052
2840615
3998820
1885980
2337175
5351850
1172723
7344502
5259030
967815
1664760
137874
2242727
3634292
2516261
239089
1310832
2232669
2226475
3529416
1877649
2633704
3504762
9297894
2621070
2120412
5365036
9458079
3256653
3956246
3581866
565445
8963498
9965244
6220510
1767231
1125263
2495298
9508700
4842001
2498272
1903628
6855493
1749342
5973989
6778352
1257330
2582749
5453960
7623835
1431684
1290874
4171083
1699812
2332087
4830658
257676
3268512
5357625
1576568
3549968
1714481
1775914
4153511
2385919
1940418
1710086
1511125
1929532
1507506
1436970
1239802
4962812
2237834
2890566
3666175
1681135
7991264
1962587
8175428
3690980
2292540
9269622
7110365
2194678
7495873
2514391
1568030
1750506
134200
1202326
1371577
1690322
8220354
1159750
2920565
2479704
1143401
1411444
1980140
4199549
3748055
3663227
1206481
1449488
6806026
2745940
1745680
1532205
6655510
2182653
1699379
1843363
154294
2832548
1637587
1955653
4806199
1101534
1829268
7859620
5295816
264845
6610582
2536651
7634106
1505338
9608311
4801967
3316045
1499077
8102571
1912737
2625925
8410060
4766184
2492526
5720096
6474836
975546
1550689
1963479
2565056
5896360
4980844
1958168
481522
8482309
3248328
7459897
4505489
2918441
5275084
2386117
7704143
7712337
1742144
5348382
6192868
9827418
6649010
1825959
3972641
1191075
7758576
3924959
5872010
1323129
2907655
5916694
3602841
1606440
1358176
3388655
7848637
4191132
1284475
1820659
1627243
1703088
1772686
1883668
5348536
5886252
1544821
8895511
279749
1429811
5903981
5462909
9677423
1707719
7148792
1842662
6660905
8672658
5818465
1685043
3127666
2177163
9450782
3740027
3968059
2611927
1771618
161771
3955562
3161957
6998790
5802821
4593564
1384401
2641471
197609
6275133
163238
4702031
1899494
1907272
1590283
1158185
5889012
3933895
3361152
1203324
3237774
8164912
392504
2157397
3242328
2552097
2666891
5404171
6556588
1545854
3380177
6440711
3240548
5122351
1696186
2922861
2221320
1859817
1864695
2864232
1832417
7420668
7105880
322698
1911281
369293
1633116
9540369
3643919
1841966
1383136
2729186
5706113
1213259
410291
1687382
7804776
6620115
3192753
431070
5888478
3231240
2173276
685353
31939
2450848
510529
3326471
3292296
4978174
4867267
2401266
4319944
7385454
3523757
4316473
4304934
19145
9482040
4509695
1916836
6864721
3589181
3211111
1945054
1210425
3423394
4414398
2949512
2571669
2437418
2548666
1881412
1433440
8627152
1567995
1537822
1198566
1116306
1374051
9321067
1741967
1189488
4302487
2635531
5580770
2579737
2991945
5147449
3175602
1537303
1724882
1819349
3855429
528303
5432423
679490
2589796
3162612
1501972
2220961
1626639
1683365
1562421
763265
3841898
2732421
2775479
4212454
1220814
5979249
1724998
3232660
345856
1510221
4709385
1352577
1819766
4784292
4486224
1825359
3579305
1206719
1321714
1306545
2729039
4778322
7864161
1150386
6863981
1122490
8708960
1674466
4263105
1632678
5405748
4935853
5766687
3834607
2200222
770203
1524578
3710237
5648756
2122290
6428183
8969721
481623
3222297
1295650
231559
1857087
9623610
1105121
8196700
6885615
8396526
1331900
7759477
130604
5562637
3941011
7502995
3174308
2100424
1198655
7957279
1986627
5682859
7758890
2351487
7440955
1920329
7112132
6947381
1425992
3120237
4713484
3668686
3251870
1404650
125543
1825424
3151380
1150281
2684107
11313
1219298
6293418
7383868
2559969
4420218
4824698
7941563
32826
4709001
1520277
1227824
1864773
4990163
766221
3605625
8413113
6427991
1434096
4813554
5953634
2359991
1409805
6724543
1428222
1375552
3879547
6711514
1478881
5450938
2777543
6785719
4401051
1703642
1982073
1859299
7410529
3370256
5528553
9133061
9241668
2584222
1773192
1120433
3505426
990108
4641603
4361289
3111136
3155506
2460532
3793737
188886
9441318
8679792
9874061
1940317
2752516
3371621
444135
1595983
1793986
3349523
4265745
1160768
3179358
5363358
8210892
49590
715006
612390
1403195
37248
8723298
426557
4512850
574959
6894216
1809991
1845794
1746828
1856238
1618540
278634
9938693
1521388
4800300
3728924
8395327
4524050
8132645
3795984
1795049
5808631
5539301
441380
5489403
321591
2883846
6766768
1395630
5972531
5148774
3428730
7495818
7738131
1874782
9403952
1582950
3281560
1570283
2655013
2749275
1649979
15315
1763062
2993925
3671084
2358242
3868980
1587577
7719864
8294823
474004
3860896
1137568
9764535
118085
9143094
1912478
1534657
5123418
1263412
8201407
2619483
4879922
1643203
7904289
2823779
4526421
4170957
1787024
3213503
3350198
8228093
610044
3196329
1560715
5620347
1757354
8382385
2799728
1662530
2183155
1962539
3739450
6729312
1112629
9112824
1648780
2852296
1370987
122843
1183201
8352334
521913
2136128
7915637
2828558
2805427
9884069
2510416
7918812
4223816
6156138
288398
5314817
8785041
6647514
6557990
4590247
1469598
7680215
1802384
51058
9174642
5753558
1549476
1317486
1639682
1808691
1172339
746989
8185149
4497234
2410918
3220349
4602091
5607979
3229970
176006
1143738
196097
3236870
8366856
1934862
1507766
1970204
2763311
4267921
7211223
3398572
657481
6865096
1328124
2490436
5738071
3359451
169459
3658720
1516053
1119011
1956776
3736941
7758021
1760149
399988
4490862
1482851
5701136
1987399
1332770
2697464
1507934
4360608
5530628
1733692
1557010
6892033
2910491
3949876
9978274
1929514
3273746
4804675
5426115
7375908
3708618
4823085
1466367
270557
7937505
1564464
9510650
6312920
3897422
1508367
6147728
1548786
361893
2251235
4981180
7931588
9305015
1365414
4909227
39150
5919187
1529140
1303062
2650872
2712564
1594872
5736302
120988
7199829
1976266
1650555
3486581
8773930
6924592
2963279
1901707
4803528
6192759
669393
1888295
4674221
4519175
5601923
184815
1220024
2826724
7717634
187389
5663242
1601176
6511663
4958695
7527896
1346619
2559002
5811776
377339
3510046
2547400
8935277
3408158
1303211
2736695
1682095
2202778
7666358
9283613
3387297
4754953
1665319
1157211
8591197
1519370
4480367
2507176
3622920
4375754
2209324
1968449
1392556
1142588
6320569
1696902
9238661
413528
132850
2295521
2926958
1381402
1981494
8308071
9213107
5191614
1901061
1192
714931
1298621
1662325
3223888
1367650
1116010
6899087
1241083
1846385
8339280
8775405
6206126
146804
65637
5649886
5339391
9913951
5669790
7621513
4976292
2620376
1309608
378502
913608
1261091
1870088
1640765
4713089
1635816
3639022
4334536
1743760
1876426
1448814
1916285
1275679
1134305
1776198
2135880
3526166
9119730
1209715
7365190
1160817
1195698
126832
4216466
473574
5498409
1177508
6129828
5447002
4298010
1493326
3428141
7540881
2442604
6199569
6260246
913759
8550803
1177046
3513395
5409663
2882036
5951498
3284970
1482761
2309352
1260505
9485978
1361461
4985201
3162302
1535485
1994482
1866306
2973247
3569330
2780163
2634845
2233499
9393824
6380799
1474189
1396174
295901
1968761
2466969
5537823
2302525
7985596
7143664
4238259
8899973
6723535
882606
1788307
78036
5350924
4550595
267016
8247943
5656248
2231284
4470674
2589106
45429
4966033
1942077
1365854
6708401
2240157
2824680
246525
6275804
9397337
5946002
7170209
2695899
7590395
4821439
6249372
4478503
3967332
1416877
8580328
4568701
3204391
2620115
1719488
1336055
8465923
3897263
531155
1131242
1263118
1574245
2145048
8939782
1457082
1957310
3670479
3405394
1935753
435096
4176046
2293142
812104
119609
3203443
1688338
3249515
1697930
1880874
2207117
9223222
1750424
3396332
1883875
2963480
3375576
3355482
4878852
6821917
2259952
1725911
1663995
83584
5388477
1127568
2313287
3595665
3336647
9216822
1406623
1146880
5136618
8570522
5301854
430140
168517
1958363
4162327
2966675
1371807
9540183
2849295
4479173
3897410
7828669
8615501
2712618
951852
2688108
1972286
3403489
1294410
798698
2356
2357747
2793422
5418413
3435366
1902214
656046
2354030
4384468
7484210
2791649
4866254
1391761
1387430
2125234
4965738
1457316
2225396
2977923
1659463
2346302
1803377
1175286
1711197
2214659
2122975
5157997
6100893
263985
7925582
3339178
2626879
4230743
8536689
1177250
4690636
2434685
1756319
2595488
1288040
1209640
2790933
253251
6287882
9216574
2681880
8558682
5316447
8500561
3153841
4897028
5201046
5821187
337794
179462
1357888
3487281
1458415
7485815
4623530
5952885
391314
2239196
1296646
2535627
1209135
2517765
1200463
2828804
1488646
898171
1159218
8766997
2611798
1856381
2151214
4365899
154897
1190046
1860870
1940030
9820836
2373702
8629012
6732322
1152190
8970077
468046
7595045
191684
431316
6579677
5931674
9142356
1723483
2837566
5314765
5327850
1137475
9453412
5899653
5775981
2106404
1752347
1988700
4394335
1830432
2513472
1693704
5409297
3255509
1169191
1515751
4875629
4503933
2654143
4514925
8901141
2205698
4953702
3395144
2979699
7188206
7984549
2526131
1825771
1768680
1980751
3263017
3449833
1394924
3241616
7337837
4625167
2871568
3497414
3733205
1616502
280248
2419596
1243449
7594994
1827322
4766084
2561564
4119004
2689531
3939328
4751845
6722754
1275604
9898909
9476690
2619623
359860
1855716
7993248
3468229
1140098
2799090
5295847
2271452
192936
3411871
6440897
2447051
2442709
6117657
1262019
9867728
4496956
7321346
7783674
423402
3724378
8697011
4213419
2413183
8477277
2532415
3922458
4402118
1660622
3401234
3164345
174643
4842812
1971178
1268613
114244
3735232
1429787
3628977
1743871
4432006
2731000
1533223
816170
8661216
3543835
2360349
3421099
69940
6901856
4821389
2337416
1869655
2724947
3559287
5581595
660080
137735
3242509
5706830
4502765
1715392
5434062
2684002
9517567
4725080
2264831
1844705
2856368
3334480
351766
6731935
9241679
2902209
7924681
7651692
3692244
1847024
1827274
2672715
1158803
1601281
8212021
8257601
1879915
2382811
3889054
2397861
4713613
1804693
4715680
4506510
5676784
3209413
3803801
2888672
3716014
3512344
2655732
4857556
7172395
2630112
1171169
2539681
2750843
3754487
1188744
3790364
2442071
7717062
2242641
4849817
3614583
3852132
5503868
5818419
1317850
5497558
1178559
4764536
2194217
7455698
8724267
2626481
5238014
5831308
9236531
1923225
2277740
699115
5361884
6709799
2791020
5712504
2704610
3777700
1838477
6572972
2231998
849255
2170445
1478242
6627906
9722894
3700966
5790780
3202479
331357
7763692
9978706
3897006
3475715
7642860
9788771
3733606
2379673
1404250
4289025
663099
1813105
2987231
2230012
5295502
1783163
3265046
1157666
1449561
1277087
1601559
4810277
1172510
1619375
1319556
6102474
9724415
6458024
1606789
2684874
1159691
5350991
188396
1912027
2892751
1195919
2886005
1136282
7360340
6918853
1160387
4697645
3482542
7530530
1938899
4704995
7394331
39087
6758179
651585
891453
2788086
2142024
3456567
279791
4507534
4353943
4671972
6134810
7438870
1860495
2325107
3700954
1839280
7749887
1786802
3615246
4227517
166973
357166
7354613
9734443
1865646
2633316
9118740
7325434
4680988
4142997
2393794
6295685
389404
1959069
3878220
6873205
3388896
4784682
6976424
9237463
275373
9742317
2578941
13485
1372704
5205212
5190994
4365314
1804140
934511
549236
4515590
6365878
282798
2354452
737173
1194306
3688031
9199287
1554690
5641458
3916029
5350229
5800760
9808159
8832081
4995424
125291
1682710
1372299
1778213
8783822
7346141
5700522
6889618
2880901
1857133
2784162
2523733
3676911
3624459
2686933
177538
2324319
2263800
1203700
5827372
3146767
8925427
13658
791251
1952413
1916725
2592236
5309416
2527287
1616496
1251753
6935157
334728
1409602
2592464
2213724
7960891
1670006
5732268
8750940
4635867
1126636
6797327
2832307
5617456
769893
4215615
7140417
1418140
5610029
1351192
1903173
7774663
1112708
2622400
2446063
4935262
1511719
5516622
7813277
3237877
4425624
1828881
1416824
1572152
1307589
6351841
7210706
4872862
4291684
1653335
8988470
3540629
5785833
2322340
1851318
2986879
4907690
6476468
1281154
3245944
1679696
5468672
2154606
2972807
5196124
4966506
280571
4846804
4351053
327426
4343995
288161
4952475
187897
3129739
679850
177816
1193318
3374737
2568354
7428563
1457641
6309029
3707310
1275628
1983734
2284376
9271532
6421603
4322272
2730884
6928999
1889065
149362
7538297
264768
2818879
1478053
5933518
9130935
5119094
3368534
1862404
2959618
2917845
7146059
263868
1164396
4702835
3209264
2748400
1164801
5533845
2132793
2183121
1614403
3141807
2588561
3254047
1321120
3334528
761136
1790455
1772441
225665
1950084
6191582
3320588
8750467
1123089
3599700
1167872
1502545
2561198
5530829
1547396
8866219
3343278
1215619
1278121
4135778
2725635
7588506
5320582
1211757
6258384
1601583
3260566
9517427
2452906
6473530
3906445
1528933
5138640
620197
312173
8451530
1634539
2599078
1373773
189943
1655354
2258421
1928559
842055
8435680
3393383
3256333
2997622
2373062
3193487
4971080
2684304
4718829
3832106
4319091
2499339
1461314
2646995
8597507
1987397
7445698
1356765
8680416
4718224
320387
1912429
8945587
5684538
1774852
2938014
4144037
2264663
5253433
1186911
5965118
721305
6415977
7539388
695048
1406660
1694350
5390619
3747036
1935408
3749037
1206448
8667515
2291872
839108
5719468
4979472
1639747
1534459
7211417
8550364
3809028
1188215
5673462
1135392
1572988
8878368
7251977
3532825
1791840
2165924
8822456
1895762
157712
4595102
168235
130992
7226921
4198134
2955122
1615119
8358636
6829820
1842203
1628945
7530390
5225507
1577472
933075
9175768
2627027
1598285
1691948
4393510
6302840
1582604
1136130
5644992
274600
2411213
4785760
1394194
2964645
1604848
4800625
215978
1758409
6801393
7204502
1446039
5358101
5654277
6812979
1125224
2637131
1249786
1982363
4917951
218598
1561800
277860
6282429
196339
2117322
1375758
1601550
2261101
2716935
3134956
7693324
3998228
5422944
2343034
6955743
3285086
3166866
9692293
2271804
285801
4972504
4580945
1608763
2503883
2548790
144503
1252728
6458492
6174037
7923722
519818
298456
3686088
2211912
2831922
1782889
8853692
7776954
5350732
4527904
1208296
3607120
120253
1119269
2371050
172903
2722662
4267084
3170395
4139083
1781094
3646552
1513051
2286265
8637306
1235997
1636942
9307131
3310867
6529236
1378957
8942003
1473266
7263702
1262824
3509721
1154765
2594413
8234171
3630740
3611462
245143
6347365
3427898
6959736
1385584
3950908
1948529
333307
5526941
1533379
3832973
1979254
3416806
3458307
1261490
1383508
2320567
4398460
8133850
8846328
1137262
4189924
6389896
1230487
223553
1563698
4184835
4954293
1648104
2942162
4979221
3200776
5246409
1579570
8993337
4922177
172131
4967204
5872249
3113865
3148930
2509098
5337763
7188092
9517640
6318187
4681675
2266164
1442007
1280157
9874705
2170081
1827944
2818915
3395447
182213
2103495
1870353
1770959
3801945
442133
6280106
538082
1440928
1934361
2317802
1825000
1103246
3148025
26414
7144146
9272005
584769
1554076
9166876
33702
412265
1753203
5918213
1914973
1295581
1788437
1505495
9704864
2419294
4612702
2839038
1932982
1130589
8512700
1852865
317132
4105447
2369441
6118153
2379860
1806114
1918336
7365922
3225821
120187
9943971
4436668
7426805
3895199
9261461
2397438
1316799
2619150
7642397
1192018
6646547
1768455
8761369
1363644
238982
1455269
437610
3623912
392449
1319496
1715851
3316631
4219594
1338141
2984586
2627362
8748420
1804166
3488991
9105665
3936356
288001
9706404
4537594
7565736
1217820
8392408
4898367
1817025
1432443
6444376
1328844
2861448
1578082
3635156
2645246
2158151
356066
2920717
7339760
3329730
6282504
5399737
1705076
8275317
5518630
3945418
1100419
2990773
3658333
1689260
6598706
996960
1796856
1554740
2524273
9189906
1282922
2400638
1902774
4204175
3161320
2297254
2140884
2766120
3310576
1562413
3508304
5598826
9124483
216646
1210975
5388354
1480615
6978905
2372716
9449302
6324555
1715862
5926731
1455179
1759442
149520
1859732
5421589
3227080
1171193
3499794
4321148
2656074
272309
5219229
1485572
5974754
7328333
1692637
2360400
2359358
1960037
2527609
1807348
587842
5133063
1745220
5121237
2944966
170368
821983
1492641
1844897
346595
7459446
1289467
159343
125975
7860739
270635
3465174
4369236
2256972
2434195
767799
3218360
9776713
8560070
1114722
772694
9950780
818951
3933611
1650003
1694532
1794651
4638798
3105959
960890
6385368
1825153
19168
1144342
1370192
42337
5316231
5287934
2747883
4681499
290591
4194082
4732514
5370703
2714352
6436957
3962824
1626663
2870246
9892294
4926903
1385357
1961493
8490073
2883904
2972835
1292546
14000
7792189
4836478
1186930
5177151
3917470
1999680
6203170
1999723
1845151
3732871
3155688
168242
1716065
1690716
1544978
1897375
1633722
2785519
2813584
2813853
1783976
3313949
2941031
956036
1479275
9390641
1252084
5361243
8235218
1762012
5628829
2961925
3506902
1413598
4809722
2704907
2510225
3734100
4759172
5293016
1495565
4190905
9482408
1387820
4534490
4156640
1850531
1315911
362717
1413563
5507399
4300576
1192552
147329
6191998
5795685
2163863
9994468
5343018
22145
774812
1635516
38164
2193047
3512439
620319
5749644
4793413
1262763
350236
1302401
162408
7770752
5902523
1656303
4385235
2915924
3933392
9705794
3584758
1152256
1307298
1978960
2470407
134394
5884262
5126402
7903654
3433158
459290
1972328
9271756
189089
32247
4297195
5556461
5819737
2623731
5837710
2311684
1290357
1513201
1747118
7180517
4938557
1132425
8810105
5444804
7220643
6500242
3571288
1611370
2703369
2166423
9418817
6322829
8557930
7200666
6703859
6762007
1906436
6980849
1118415
3141752
2147088
3453224
7743576
959646
4704304
1657099
2241257
1264992
1681591
7853279
2497535
136238
265418
6267015
6475955
4552244
2724057
1446303
1605172
224567
2174246
183441
4981262
1288379
1726802
9605184
7495693
2734330
6918855
1603642
2879595
7336971
2836769
488779
5422861
5647007
3336656
1866338
1349655
1896284
8611412
6526774
5275507
1822292
5273088
4558124
1662587
618012
1813553
3959397
1272999
8267168
7431512
5168583
127043
4602342
4892613
2907183
175543
1431916
2548280
9672518
4343608
4315997
5407592
5500089
1135990
1570026
5996091
1227591
1229631
8583523
3773720
6792133
3973752
2376777
299385
9808005
2659119
2835634
1293967
6642043
3378117
3535311
5185780
8894481
1790961
1495472
1143923
6459752
7306714
2662531
1596261
3720207
5561966
1589373
6485312
962683
1297006
7579964
8932922
1849025
6190913
1547077
5966506
1279189
3956470
5355839
8810550
6965851
1208453
3396747
111740
8374442
2940236
1484912
8754327
2522117
9191436
230252
2312819
137774
1530878
5172979
1467036
9963947
6335083
176715
8142789
7405586
9305435
3417269
1859206
176562
218806
2452153
1795384
4326780
362750
216978
2960886
1791293
22086
1739038
3390073
7202812
3844323
5880057
5918171
5538192
8940970
3748837
8268942
4253388
1430852
7569936
4725607
6181326
1112010
4392515
2845582
3107080
3928711
1340836
3636524
9699884
1156540
5274839
9888911
2133733
431455
2255499
5306605
1938686
1957634
3746527
1359175
2901059
1744490
1275845
4263333
1969549
2521102
1602009
1188705
4260597
1491691
2564509
1853932
2557436
9936278
213918
6674104
9669740
4813882
1229704
7402444
1442655
5154753
3160285
1447049
1981014
2226213
1174245
6287095
1981424
4521272
7691859
1781237
1537445
1202951
5269685
1301787
2528009
1187964
2721235
1919056
3255156
1629359
499552
5985749
1810764
137684
2673548
2619006
817064
8868896
1889699
862333
1932018
2368824
1428785
9190406
5770599
1223868
2964728
512392
1718061
211748
7286093
3934413
158015
8748083
359721
1396868
1840178
2982520
3726185
1270435
2374876
4960759
2922929
1243730
2785724
1797740
1593192
1211370
2736309
1966545
4152029
6837510
4663600
1316783
5656135
1313609
1490209
663077
6855844
1837605
3907173
1728715
1714782
2518124
7555006
1745715
196886
3584408
9408960
191238
5748228
1627956
1340965
262525
674550
337728
2439906
1252532
4156688
3580891
3427462
3573748
2881629
1784271
1183730
5916139
3676197
4762400
1510274
4338208
1279801
5253243
7406004
1126285
1432607
2665315
1249209
2225588
9214042
7910574
2166476
9344711
1745481
1873175
9130932
1981352
1162563
4601507
1192153
1718911
2215916
3173878
1287190
5517446
8266330
210305
380680
9112940
2451348
3699107
683246
1313695
4108782
8874765
6559618
1590741
2852749
1648191
1530723
1656217
193012
2452571
1860815
2875821
7918426
1136540
7380205
175299
3660680
3450961
7391278
2698860
3418657
9711668
967506
1238723
2615364
2533972
2448979
2822521
3865608
4319319
1774043
3542760
7378754
1702806
164649
7999426
1793166
5979607
1149542
1736494
3135266
2504186
1298780
4957568
1502106
3581745
3756156
1759504
1939031
196679
5574734
5616245
4740378
2294395
3688735
1294763
1179933
580821
6517508
467134
1872887
1410590
4336080
3774544
6681087
2168900
7512963
1495477
2690929
4508033
2760996
1851765
1709089
362192
3969320
2493682
4437460
2749968
1537240
5881468
4807302
9291302
1964270
1896418
6674743
196807
8141081
8205812
1713599
2893583
4447555
2266320
1813166
6503380
1133579
5314353
1102180
1309735
2639548
1437553
7519697
286094
4624998
4190151
5317713
3392338
3357008
9662181
5205931
2564316
1642035
3901746
4505308
5149901
6635699
8861643
2286325
9339156
1475380
2952530
1955018
4174971
2338453
5464979
1975477
8263132
466596
1984508
4556840
2325380
1972432
325219
5717690
3949188
689450
6797500
4962376
5927712
554369
9189592
2568522
1513127
2738987
554747
3494635
9801785
7169285
9329085
9321918
1919219
7216959
3295611
1321707
7990310
4550107
1892884
1358132
8763955
1432440
1139532
1966396
1122024
8676144
1368375
7995524
9412639
1506328
1946452
4907462
1197772
1670846
5733406
3599979
1271476
2278439
1602834
5265795
6834035
2321945
4708837
236708
6297828
1299428
5166694
5123677
9437992
6401256
886847
316857
1451003
8851408
1713772
6942774
4804617
385451
5448124
1247410
1380494
9161069
4630530
7660442
8791339
1173937
6642356
4249156
6156689
7829585
1791178
2858561
7851994
1897245
2596707
2484851
3467590
1912266
1727921
181690
4837664
8974969
1693810
1895577
129638
1171613
1236896
1128700
2852574
4616993
2696850
8729253
1677078
8623416
2695682
3154916
3294389
2443420
5558170
5379372
368168
4894709
6566069
1141421
6569607
5293631
3877032
9921649
3452059
3882440
2569629
2133121
7251266
2864378
3885080
7509771
1330695
5895801
2259484
4400952
4739887
1191567
584253
7764422
293059
362346
1456091
153406
1258141
239637
558838
4567033
1453598
6107845
1285693
1838884
2232676
2614125
1378198
185174
4156349
2418500
1461969
7494895
9141155
6666828
2107836
1181137
1426510
4933142
2985244
1666762
1748331
1506570
3734607
1951898
4205948
