472525
4417008
8476257
3468321
142202
1717083
2314068
2675772
8468861
1872033
3364473
8514036
8811169
8313369
3380067
2434588
4209130
146538
377309
3353551
337638
358239
2162683
3359324
2966169
8719702
3637090
6499944
3734842
7887910
149437
5123465
2684530
2976077
2320182
6640014
1234750
3392061
1612852
1794810
1641803
1147629
8424724
2402623
2537481
4601145
2809370
2637764
5671246
2160820
3576694
8860290
1367512
6738876
1170315
2521736
8285187
7546119
7838790
2947362
8250253
8590567
3926798
1783432
4925928
4120714
2142214
365850
125384
1246744
6630764
6713036
4218773
7657848
2899623
1170476
2699793
4341204
1932873
1956478
3601024
3559592
8986739
5195963
2707662
3966644
8957377
896937
217976
8992703
4407251
8270297
7409621
1106086
7567772
4341530
4889393
2785004
2870096
7920235
2342019
2506657
8601992
7134193
1511644
2669417
3355405
632691
1174113
6306880
345598
1634718
167195
1758103
1905569
8131333
424623
8452354
5561765
8560479
5946866
1425902
8819678
2370135
2473431
2191758
1711138
2206178
3658918
8501289
8952093
8256392
4387968
6329838
3187424
3621046
3268392
8401971
266501
8200463
6173855
2317677
8832829
6720382
814343
8686542
7958550
1693475
2776069
1712987
8502665
3462782
7799307
6425233
2182145
8516785
1850226
1580632
2321606
1173848
3541492
4456445
855267
8295799
1969892
1747430
2129662
1746115
2476143
8838276
865414
857733
4450811
827793
6648060
227781
2331457
8955733
1173371
8860700
8496328
5390046
6210820
2818659
3201670
5866793
6508292
1542667
3926943
1915807
2181191
8149102
3940572
1703546
2931757
4506792
2921499
8963433
8349830
5275910
7887153
5213322
193758
4899205
2659133
1998454
2158738
8330909
1838400
3198943
3224132
857099
33551
5925699
7317056
1543777
1480352
2842762
1609336
8491213
8965833
7600286
4625563
8283180
7547864
1907501
1764509
4628875
2234752
8800538
8665351
4149335
2966903
8190709
581643
7363057
6710875
8568414
7850087
172290
1104244
3189567
2495044
71867
2428196
5263408
1292417
2734059
8826036
4744974
567997
499440
1728322
2134610
8661303
2151887
6488420
8543098
1846479
8912098
2702095
2491915
4965253
7224479
2893204
8618996
1833210
7179143
6742201
8358169
8168130
7731106
5430585
3667127
4231396
7111807
4515938
1200453
248913
836366
8776418
4306078
6139899
4785444
1632929
2550168
8879031
1993321
1663584
3601900
194217
3357480
8170470
1221306
6471979
119489
1633747
289554
1101818
6543545
1731551
7749749
2118304
3114772
128926
4826471
7696428
7652605
3542703
3603956
7930058
1622446
4639235
6340782
4587771
2511346
8448609
420363
3199382
2911136
2601866
1622076
3120126
7615990
891475
1960197
2349827
8452315
8257941
2165447
2256707
8281019
4803221
255295
873292
2980643
3111890
3376111
856341
7918624
1488131
2327242
2314494
4862363
824011
2120384
1689898
8598317
4422387
3675735
4278927
8584020
2174883
2864203
1430786
171765
2728826
2220528
1402172
5652636
8690165
2362527
2443009
1466081
658728
2656060
2425711
6849848
2176827
2560257
8275697
890108
8390433
1784754
7897391
2695209
8576516
8786304
2414610
8290849
4188043
6151745
1351748
7701439
2766150
4431655
794794
881257
1872918
2147312
2279423
638155
8193010
7563983
343840
1734935
1342708
5612551
8573086
2892687
1156353
1694556
8364003
2596843
7773974
2252531
3504970
8909005
4458273
7169330
7136475
1346918
1173411
3327913
4722404
2670007
8936483
8770072
6297764
5710379
7526662
1346884
813188
4627853
278682
4158731
1358343
8481337
1510943
5546779
2378517
1291634
3151179
2221337
5855688
8698668
2918928
8427793
1396851
1602012
4735042
7686505
7826658
1773050
8239731
4357052
3108238
168037
7449129
1222362
8676797
665896
4908285
2958436
2316266
7668123
2849319
2886299
8433547
2820288
8868803
4131877
8396672
2355480
2977257
8478494
7464967
8574883
5755909
8288488
2752350
8723758
2219473
7757990
1332278
2304350
3131399
8915075
8761169
3728267
2624947
7164720
5134398
2460301
249226
3536359
2228709
6684491
5571809
1354655
7278818
1252472
8261874
8873163
2456337
8835889
8937087
2370835
8288891
4132557
5610355
421725
2485988
6692237
1646142
149201
4112510
3566747
2252140
1140034
8958055
1755604
5266226
2621414
416633
7550189
219525
1913297
161408
7376536
7400400
4271141
3486625
7149615
1999110
1952038
7936336
7182477
8902486
522348
2482376
3285726
2658603
2863855
8276103
1377062
2533455
2545104
250225
3536672
4852515
2641913
4840807
8252512
768561
8198894
5222718
5102692
7228670
3376515
8111039
2579750
8541277
2841415
1398255
5636882
1983260
2161384
1205755
7402526
2976575
7984212
8462943
3463548
8338038
2940764
8110759
3336361
2788654
8894911
2103463
1521398
7678177
8698527
2248009
7708959
2725068
6614270
8153548
1167001
2227274
2475599
7200000
8635745
110972
8224342
233067
3186321
1128803
3579041
8577525
1798326
8930470
4488131
7603738
7495521
3690349
1713236
4328096
2735809
2877001
7411766
4498135
1174350
7168964
2702423
868256
4871118
8301393
3467923
1187321
811769
1923907
480079
2905356
885659
8646103
1239072
2636108
2474026
219476
1714729
5967695
3709263
2792701
4275394
5741200
3920033
8815826
2272762
2380102
1705061
8597692
16183
333107
2309873
4731822
8250721
8420426
751965
8959036
3549216
2974921
4681525
2694330
7174562
1640727
8119144
2555
3697067
6112228
8477560
8764568
1182499
2293296
339928
2123769
4586815
1257320
4503677
8585037
82654
2332272
8627959
1157470
4635134
4456753
2561503
2576005
1847021
4312297
1117981
1612105
1534984
8786557
1812612
1776100
8866613
7721281
4422305
4479043
8164817
8934345
2419041
1325044
8934521
2606325
328674
8281074
8972815
2670769
2810130
4365091
4150895
8252912
7864791
1194113
8552330
8648362
2361276
1634547
84869
3377255
585660
5896987
3100552
1647232
2233216
4826673
8671672
7130895
4800782
8405955
4445504
5239445
2584150
1358020
5647196
8455865
8247752
4227879
7530293
2181097
8766371
1927182
283407
4870090
8785965
1889290
8595465
1377340
3496927
1702313
1831144
8800981
7305343
4614783
8154325
855830
2127584
5185540
1634233
6465021
1909700
1939334
8939442
7744654
1774896
2935649
6752950
4968135
5563754
7854174
7799429
5747136
2999515
2804741
7645756
1698160
6458288
4988768
347915
4922204
1668764
5712937
1154160
8854331
8183751
8974878
1551025
4192962
8692431
2219622
2178705
8374822
2907776
1539868
1358207
7871453
5448864
1496730
8939522
8148023
8877551
377655
4377983
2495121
150920
2587122
2782308
2508499
8633490
1521469
424912
5678329
3846743
48454
4624753
8991584
6114423
1415482
5200982
8271723
7160022
8577767
3712552
3522395
2735869
4652988
1827836
5944293
7463735
8800877
8379427
1273515
6729415
2368914
1492053
5710759
3438832
7437899
2652519
1600513
3851245
87172
4150062
1325882
4223482
4310126
8669742
2200671
5447217
3916484
3479658
8624832
8215289
6822430
3412580
1631344
3627776
5751145
2657353
3477566
6366555
1202229
6902142
2819539
7932826
4330298
8495715
2731684
14256
5116467
757024
7374300
556035
8753617
263589
1147375
2634083
1625363
1255746
2809861
1152416
5558231
1726498
8102154
8765052
774896
8921613
852703
299277
7947704
8307466
4356089
1357036
5604078
2759219
265301
4195735
842801
1101072
4343664
1172851
5310774
6775998
1496497
6678459
4662639
8300554
7243747
2284452
1230946
2989557
4408246
6364575
8383810
4957849
8122582
2223004
2183233
7502716
8547576
2139447
8476794
2149407
1960591
8725770
3180796
2934050
1102536
2734357
7455732
3174616
2911355
8746051
1162420
8596930
2495346
222715
4609092
2321225
6573362
2664440
6107286
2678787
1321170
8535803
540232
1425958
7894700
3786120
139276
7853794
2215881
6750584
2374924
3300415
3615524
718825
2181608
1142874
1501734
2519203
2425753
242636
4605132
3845347
2921155
1815161
2951140
1739237
2192803
451653
7874347
1105050
5100166
2821887
8893581
8743322
8207573
8179595
168433
1818785
1861826
7618295
4490071
7166448
1612470
8641438
8921665
5249575
537566
2414215
2289768
8655781
3288375
1647298
3708994
2297475
2174995
241297
4325325
827473
6946032
1537138
8530077
1604875
7330467
8986095
6820702
5359813
4353170
8287770
389432
4491881
338348
4217863
7296807
478326
8925734
2688804
6171236
3398752
849449
7147823
8903591
1356641
3583158
268771
7174964
2318386
822107
1330529
428143
1797761
2396136
8130141
4725731
4627359
1851352
757933
141815
4589220
7736736
8344172
5294201
2612798
4527309
1178463
2685026
6287868
3906985
1529531
8576194
1875562
2283693
2488224
3390773
7628614
6382225
4381048
1585553
2394838
158161
1954911
4499839
8416488
8164583
2105566
2269443
6103156
2338650
2524820
8573424
1108802
379811
1226127
2262921
4249940
8940936
5251745
3890683
1885235
4429749
4731101
2251847
1426590
4956975
1626020
478148
6470302
2900906
1927070
6696646
363076
4145133
8919785
8529445
4480193
3362567
2523
4947913
1275483
3390797
7300247
4870638
2836602
3483036
8297961
4326284
253629
461715
3944771
389199
5117258
1884748
5934966
584744
2988136
2723523
2201097
2984171
6768709
8527982
8324646
3593119
8151304
176658
4525112
8764556
5649932
833025
8319809
8865968
841052
2342554
2833195
2582963
1544236
2965522
4186868
6353081
8847039
3909090
4685261
7397906
3118677
2879259
215940
1172159
3765120
770094
891156
4321704
8833933
159504
7826615
3691283
3258244
4196689
8275725
2966811
8333518
6966860
2396900
6758922
1425363
7961437
882349
2869686
2222083
7939539
3273897
2507857
3155439
3820078
2728836
6980880
7580062
2517684
3708144
3709719
8341369
8251680
4577396
829733
4163814
5615463
1905728
4833089
1188803
8682839
22153
1631147
2710612
6300641
1878736
8760204
4310895
2763496
1592700
4140746
8579979
7394728
7983123
4438803
4673461
8582024
2646888
8301718
5946862
2778491
1628682
2603670
4180313
8133162
7156972
1788241
1859637
1599128
3941438
3230231
1229140
8955349
3886060
270081
2897871
4339684
221322
6419665
1413025
2636982
5858636
7182121
7181576
7627286
1627440
7541720
8136191
2869346
1787384
1828081
198167
8288714
4645426
2536904
4174864
1480143
2945971
1896158
64676
8486327
3736855
3502406
7579162
4686039
4153219
2693181
8937088
1373638
7186415
245785
8122706
2674870
3253049
4433250
8992730
3495839
8728635
2647678
114490
8237145
8722416
8415357
127737
8737090
2989968
8822266
2296123
7801646
1940719
1442947
8397271
1922087
7862955
7527973
3168558
2100539
6195161
1524492
1717396
2920069
7880565
1745804
1349530
8100327
134729
5668351
1463429
8707903
2532333
2839495
216434
1335927
8831938
256693
2743311
1615584
8300799
2717545
8104554
868212
1239880
3355335
8205190
7770139
7946898
2418946
3418938
7300814
5710080
3150733
1466397
1516349
7686533
5794614
7945761
3840599
7989718
2521131
6876526
8403988
3568646
8682254
8636689
4646035
6418150
3266842
1324600
3541722
7660853
4147203
8848760
8310158
2607746
2648936
3835947
6731022
7931676
4615420
2839286
2974128
7498378
8890138
2332456
4572899
3345859
1377880
1787336
3794562
5271522
46922
8475711
8254236
3758004
8272651
164021
5864457
4694388
2972178
1965607
2613288
1604076
4305382
1565973
460787
8851975
7259661
2384216
8133939
7271134
1869616
3314277
761353
6493733
2516120
7405428
140520
5228109
2365192
8395064
6483363
292521
1800115
5718594
1444433
2700778
3687636
110255
3520695
1203127
3593982
2325187
8739190
872383
48076
7976328
1518483
3773897
1381897
8628003
2598516
5553313
1328662
1842138
3854841
7658178
7300686
4492645
2728566
3173503
8649103
7846716
1633936
7945696
8879656
3466999
7901976
3831747
7203880
7902851
127593
2292359
8364335
3731707
4326255
3905554
715680
6140087
35117
3671618
137382
8939624
8553684
7229849
2400850
4180293
7802460
7610644
41909
8754761
1965175
2631372
2830588
864832
8112366
8779671
2609478
1420705
7270858
1485939
1502014
1765050
2116750
2312015
2615443
8254601
1770256
1830371
4543281
2310235
7698876
1861570
8642810
2850754
1681000
1103878
3423772
2508490
2114625
4635160
8898567
7351436
2592185
7527954
3649237
4308443
1181686
6954077
1933099
1821921
7315124
4803323
25079
3591441
5696625
2998512
6647795
4846570
1742924
2424622
7520668
3598693
166758
7451084
2247881
132998
4243515
2259230
1894246
5719903
3543128
2375954
8343917
1970503
2575686
1557845
2440228
4173441
8964022
1398507
1103199
4105502
6413127
1786698
1816480
3705870
1946120
4684324
877086
7248235
6764383
3984492
6616048
2226749
1192
2663172
8400987
2904129
8103875
7856914
3186660
3421962
7771858
1816907
176739
8491578
8966491
3562578
1498275
1750917
2724680
2991419
1275832
3480378
2493323
8927091
1992970
3441248
3241660
2848315
122951
5302953
8237721
8855765
8686269
850922
2233527
650393
6748108
2845872
1340793
2451432
6141944
2338312
3769148
7504687
7839956
138425
3394983
8651022
1103841
3500151
8781260
2110708
859839
8472272
7485101
1923094
6225412
2883052
2863838
1933537
3296345
1103143
1423963
884690
2236575
2472864
1922884
3915673
4937178
8775191
4977287
5329190
4347980
2394202
496072
8125922
879384
5259302
1789452
872973
290501
3799707
1667977
7599312
2347157
8251343
1299662
7942313
5515697
2854566
4216179
8303304
8956471
5641668
720413
1674052
2495223
1209509
1193452
1904473
4540572
8242284
8921598
238498
6854833
7793697
4563068
8562525
6769881
1734983
4500786
2830495
7852896
435058
4387512
7117138
3725402
1262187
1203552
1953021
1804152
2242365
7221087
324419
6981125
76678
3574818
8179152
6239663
154107
7487143
1366350
8927409
3575302
7187332
2342600
164509
4471808
240572
8120361
6313649
598971
1633602
7274975
521770
5830839
268908
4136301
7720897
7519073
8473643
8118286
5834333
7733475
4697775
3461207
1484501
4498036
2301970
4392838
3728023
3567844
6174747
3594387
7124668
3158461
3728876
1712165
3418956
8998163
2227959
3542989
1378770
5494935
2363886
7747980
8495499
2307911
5586360
1943517
4500347
7419204
2687197
8665275
8201025
2675882
7591407
7815786
8909323
3723130
2233299
4465711
8865314
2345
8560680
3313066
8760615
8927203
4903101
1502345
6954934
4466820
3432369
2905191
2998211
4298377
3336793
8115788
3959785
7827736
1755836
2873522
1449124
8408248
2632065
7135378
1102697
2327770
1230584
8889001
7931438
5476789
8874803
2407570
1711796
7259542
2563328
2218579
4176781
867100
8902515
363142
214634
4904029
1242420
2720898
2628905
2198940
190441
154708
4133011
1587074
8240693
816898
1941355
5491638
712942
8216102
5728451
8435469
8103346
2468916
8646079
1551228
3936655
2982598
116536
1440836
567966
8898464
8923658
8179803
1764342
1616674
7256686
2364242
8271229
7834467
7628360
1282762
2660597
3408482
4739384
5642887
8572487
2123751
8281008
1399623
8375148
2958255
5207028
2508435
8857857
4557827
8406853
1926957
3404888
4583000
2295891
1677303
6737166
819162
7371236
1425504
2442199
1791838
1529081
2411503
6193553
8237734
8793802
3231716
3887244
3599990
2460780
1176149
7308856
3477639
5670237
8104445
6495782
8866971
1418459
253291
2769519
1816569
1642007
7768349
2235382
8115812
8861521
2432016
1597822
1491930
4407413
8545062
4560417
4109879
6215951
6665199
2421473
8994504
3277782
2820827
1160940
8252850
2435198
8646345
8909163
431879
2506771
810270
2699129
495104
2191083
3765929
8331070
3717764
1852520
1405907
465364
8607260
5959021
1907398
3591957
8930532
7495491
7450576
1154672
2694993
112455
2775178
2585713
1511555
4778652
748243
1144685
3244947
2572647
3339569
5273492
4739071
3961461
6861506
4974258
7786012
2611118
4517729
4283596
1144604
1568690
2139149
4432734
7117196
1739369
8411763
4997833
8640882
2482058
1600640
8700359
2180725
15439
2200748
2962000
4826873
2902669
5736020
6651687
8317574
2609228
8894727
3650569
2995223
1922067
4757772
4523944
8428803
177580
8699787
2538796
8162068
1900370
3630297
7268876
1777315
4539184
1957161
64512
8665753
7511137
298761
8303769
3522034
4697583
3155155
1357919
2765690
8731077
2563653
7798891
7247115
1341117
6286180
421249
7308466
4587738
2325792
3120424
7256827
2605167
8151095
2374515
1889775
8189117
2169175
7654624
4611914
8991060
7533556
1756893
1324006
1675672
4940659
8225190
8245548
2833432
8261034
2305489
5546840
8620424
8999618
3605365
849156
2219628
1275151
5699232
1145817
6609684
2323411
3280715
1153241
6350008
3713101
2850456
3382862
790592
3365391
8894855
8634507
8112517
3270478
3129798
4671770
1565578
8220670
1399281
1931131
7755692
8698267
8163888
2535548
6972209
5197816
875414
7490911
7136135
3595351
795504
1384845
1899192
180119
1346777
1128057
8134979
8643072
4127013
8175535
1785462
213811
7245406
6856330
4290038
1354028
8728106
5394200
3705445
4789533
5868972
8995924
2913357
7103402
3615930
1347927
8225030
2218709
7629507
1530812
3371513
82869
2499464
3183318
4895041
8455492
8726508
8102902
8716395
6162178
7418658
2640179
253457
8281910
475457
163995
6437312
2889576
855918
3473137
3138037
2644137
3422963
3686723
3574694
8709098
1235885
899693
3430196
1704911
2127691
1699825
2182853
7330061
7803653
4693360
2842656
2622744
1526673
4544020
2807533
1782943
2388479
1521551
2538964
3118253
7437388
5979767
1277330
1851867
7587245
3178290
4126010
3287402
1627650
1863686
2459986
8563828
3857650
3948987
3360332
8368288
8388654
3684353
1930268
3576306
1952504
8636481
3361243
8718343
198668
2853378
2877059
7873613
4803285
1171722
8856583
7840140
1773709
8560493
8156244
7499056
8862841
1109027
168851
2328330
8361483
8519546
8343263
4808222
3513269
2216351
3973248
1862395
1574752
8168111
3831640
1775970
1898364
8345829
7173813
1778077
4539974
4239993
1195522
8450720
6903753
1653286
8141002
6714439
246413
8201640
8896478
1879161
8245395
8415132
1343769
2952721
4157594
19136
5683703
8330445
3207673
357530
3485355
2101979
4286006
5990043
236186
8305957
8578858
4372399
8738714
1820954
2838360
8814643
8138479
6890782
2300424
1749757
6896685
276916
1740924
8529628
1175247
4332660
7443403
8496843
6680574
8310273
4755117
1553284
448189
4734641
8212345
3378490
8346314
2509562
3613319
1211581
1175881
2830165
4632065
2477228
1380122
866785
8851296
1674628
1451662
1632377
3701614
7512022
8814914
8486157
88790
8196978
1752961
4675637
8251047
1743439
6953314
2465644
2680513
7170875
2166818
747674
8649857
1786385
2882885
8886239
2819609
2132959
5989280
4933688
8391857
558066
6230162
4573317
5584187
1523023
6209878
3779643
4909479
38230
8835166
6505927
1598108
1420094
4937768
8199688
5785042
3480247
2487051
7449839
2101915
2522106
2780061
8459502
1609348
4142179
7287694
2644470
1426198
2772773
1177148
1876098
5176467
868061
7651784
295719
1320274
2942196
5146118
1447548
775108
2159280
7642984
798126
4695329
1995543
4669596
8205283
8395523
4755946
6874602
1724249
2609945
2793045
1162151
8447028
1366630
4637848
7941752
4405217
2385912
5847781
2661756
5705977
188858
1838334
1936896
6270196
640564
8372905
6604207
2301723
7549872
5756352
2693212
1776579
7866523
5482885
2868515
8952885
5678580
2305443
1776275
6379096
8756639
1344143
4650215
8338727
8991899
1399777
8142597
4242640
791614
6679747
7783649
2118306
3380422
7155526
2754370
392553
8146882
4643929
8754691
4752605
1623130
2603276
8513356
8391354
1663542
3604137
2473317
7984271
533691
290195
3775148
2555519
586253
861659
8219969
2680580
8330183
2847951
5102875
7208659
8724556
8197549
835562
3899060
2530525
8121471
825835
7626123
1121608
8922051
3472990
7280282
4291662
8589243
6366418
348237
2155429
2948901
7854791
8517763
2454974
2855237
3165053
3972737
8120166
1232777
1274612
7998090
1323695
8893311
7723011
7866766
1716290
2875161
1351614
226885
2113251
2116242
1138149
1120104
8925894
1401550
2592997
81271
8653703
1799632
744394
211617
8418844
1673825
2829082
4211454
264875
5123173
3243148
2175422
7937829
1393859
3668050
4205038
4266828
3782699
6337215
8736564
8983056
3409368
834325
7536793
4253746
1883872
8694641
4168734
2456227
7280118
2884065
2971316
310283
180046
1894841
6628702
5130979
2195739
2359393
1655287
1514070
412219
2197395
3136481
8116909
8666280
1990307
5687643
7581276
7247849
1281941
4303038
8105307
2573936
7354690
8586252
2687109
4569002
144201
1434328
2535023
5207332
5988885
2730473
114406
3748376
7724999
8144867
8237378
8749682
2684137
8211163
1737430
5265018
2396022
1958508
711764
1373537
8226814
128221
4479214
8640493
8374166
4165722
3456285
4654489
6954456
1938713
1205970
3623971
2664002
889527
1824706
1291669
8939009
230491
7921595
6331475
2713780
7567300
376615
8103247
8810460
4566251
4448686
3348746
565688
7927373
5731999
2926409
4745665
1598749
1134675
6643339
6977931
1888995
3349493
2720850
5708959
6507903
4126064
8603747
1132260
1119955
8584184
1909682
7435770
8229616
1528859
2597350
1473669
1515883
8490023
1675830
2224865
2591523
7344488
8603845
263345
3703753
8148509
5784793
5867124
5763090
4309210
8547637
8370741
7659922
1340961
2613429
3696122
5885025
2750673
3264381
6370118
8348353
3818432
1849131
3664764
8619961
4375240
4454230
3566856
8822969
1261024
533546
8928811
8344352
7997016
7608830
8637521
188892
1886148
4580968
5995102
8649436
8384458
4518760
1534717
1462221
227279
6851742
3246934
1515691
2799070
2539061
3773304
367032
6625576
8548436
1291054
7430101
1831348
1136540
1145878
8456208
2291094
7737842
2793472
8401384
4833415
2948450
3632653
4599764
1183248
4525594
7256721
2251000
4601612
2997359
789721
7296596
8957069
4127928
8115254
8911930
8954584
8582169
8386688
5159603
5604971
4794973
762714
2149427
392900
8780555
8136717
3465506
1175270
7890265
8755176
1388129
4444078
828536
5502112
7124166
8544629
8169458
6459600
2913543
8826950
8886349
8767525
824712
8340201
2741837
6112617
2441335
8438041
4247457
5691270
750894
5810904
8149825
1267505
6196688
19232
8645933
2695581
1213157
7668253
8193971
7615614
1107245
2713284
8884673
2481139
3948545
4895040
422843
8781183
4829905
1981130
1684129
3166483
8961330
3428959
276290
1328121
3549619
6430619
3631539
2986382
1828215
7681257
472894
7612669
1882034
7748526
2815373
2353395
2823861
8556535
1994980
4199671
8887824
791139
3629527
8520078
2853286
738122
2581624
7866619
8643742
8848970
3420564
8821303
1282322
2822184
2741151
2889870
2588415
5407374
2686084
3100743
8706609
6734460
3570051
3161565
4524143
8407152
8238834
6998726
7122686
2281713
717615
1141963
7996190
1294312
8782339
4956582
296566
2715936
1347496
8376306
6994358
467583
1750496
5675461
2355699
4994737
8671446
1321419
5350875
1983737
739320
1546380
319596
6525817
2300720
746619
3830143
6903081
8845113
8930365
2958527
8314160
2893183
3270328
5492647
2985894
720232
431690
3780599
7856910
5883666
1692617
8848281
5362717
5291759
815894
8555303
4897017
8497331
3620466
8821408
1369188
456114
896865
2393207
1343133
1354785
4304251
1555033
2635440
8939894
3700279
7380792
2198767
7214031
8440405
8226387
2988330
8617176
1430771
1349624
2356328
8545094
8474554
3492842
2801541
2251223
8192827
3106346
1300510
3459392
8362694
4772764
3681341
8434897
2654833
4200616
8129209
7804526
8990781
2696469
2739015
6472296
3768025
2234485
865173
7449716
4266392
8188741
5331265
1424542
8652854
6963456
2899002
7884500
1556326
3200486
1665947
1704953
7491215
8978394
2972725
2666470
1775764
3255243
3750972
3961347
4597094
8809448
6459844
5177205
4246781
2533480
4381914
839378
2727957
7498474
1115638
2223085
24308
5966230
1814385
143208
2511702
191217
5465767
1558980
4909522
1419652
2720359
6351632
1100629
4544975
1352
4454313
3338576
1358271
1142588
4635092
1808529
6681423
3497773
2646445
4686288
4828174
6445170
8611152
1786368
8295399
1131982
4266504
7624219
8537523
8327984
2469553
5456121
1227037
1260582
2922937
244892
2199009
8569909
5541076
4628646
4767531
1958844
6895038
4832134
1638569
8628989
4436956
2981292
3295622
7762491
2977836
8455774
8806126
2128312
1227431
2727880
2561852
360722
2551295
5123967
2924863
5448319
1230981
2366089
8820337
4676637
8564348
4622833
1274453
2731344
141014
3648256
1156745
5850421
2301693
4685914
4819212
1804898
2479301
2713034
3361651
1872334
3553534
1834809
8816001
8953993
6669861
778578
7817989
8432051
2805141
2568603
7614143
8460416
2736745
1928591
385232
2816862
4815517
2264572
8933925
2273041
2379996
2624767
171835
558271
7676721
651607
4820988
3494425
8468351
4209666
362610
6595248
5990896
8385139
2239832
2972119
2814734
3924038
3145451
3914332
54150
4958732
2737887
594121
8185124
2340118
8558349
1519688
8174427
8308377
7651965
4570540
8352386
1980537
2897614
1387385
6646248
8996300
8792978
1880732
4516779
3974728
7387382
8791641
4614788
3996437
2297751
472222
392443
5519837
2830390
1588277
8447798
3361099
7384650
4347137
6242263
8481191
4391236
2280194
290260
4596124
3350886
7655997
1957491
3436163
3522975
3339502
4952117
2763401
4167345
8146250
418867
8908523
848056
3447257
7181879
493218
1878446
898143
8955784
3450147
8447899
4976985
2996492
1577676
1196373
2651143
3715431
165386
1558647
4397427
8878407
1238078
2331563
5511071
794354
2161018
8592163
251679
3530907
7639724
6212697
1473027
234964
1236094
4492900
1885957
7749250
6830415
1254704
3359227
8730458
4983701
6723208
120104
8598771
8691824
6364532
79464
2707303
812552
288617
284367
7139462
4756542
8465708
1592880
4171179
7370044
2685052
3351373
233113
157131
7796957
8103569
1228492
4543272
1775774
8419034
5967307
5239447
8987211
7651429
7777013
4716787
8318545
6827172
3668259
1584274
3527147
2939711
8684135
2196236
4165011
8110428
6804694
633236
554917
6621455
3536568
8635406
1829534
2111669
8995126
4416511
4624521
1530933
4278076
1568972
889623
222566
8848592
715588
5574046
6523690
270365
3922629
7407307
4385897
2578918
4477661
7509020
2720891
2215023
2928155
8100767
554930
2715061
7201552
3256374
8401735
8202150
2936272
1379048
2702437
3446422
1846648
2910233
74012
1181931
2615341
7809863
1783060
5217910
8225091
1997820
8416984
1586942
4469557
3365096
2952743
769627
358545
1769754
3650304
5380530
7566431
1448968
4160763
4603669
5665967
1410735
177573
4129537
8406251
460632
8784790
7262867
8905103
2665279
5556581
2914537
7405388
6235026
8881387
1655607
5198315
7380150
7819700
199641
7939760
7841360
8910741
1454264
8481626
1549707
1924457
6973636
6456584
2948301
1490857
2373488
1626830
3765370
1175645
8160930
1408339
4186365
2350916
6579778
1315743
2389994
6977508
5233038
1704903
7202891
1693834
8848986
3513102
8559575
262638
2609804
1366061
4719588
7385950
6789454
1299312
226918
5559086
3754098
141436
2377700
1125424
7427347
4276156
5472865
6941965
8338390
2405960
7602855
7335937
2769004
1917368
2711568
1274396
8535693
1648355
2388184
1423879
8677769
2704165
1995062
4932800
8540122
2831267
3577074
2533134
4768795
4560037
7389075
713618
2830874
1785805
3306307
2361918
8295698
5680948
4482822
1323601
1312445
5164628
8949740
5466672
1879249
1892729
7890079
1822532
5240157
4213885
8696221
2732331
8846997
485029
1184585
4311125
1529847
2136097
1995271
2639764
8668678
4961881
1958933
7818448
3478931
3474014
8356318
2192410
2103567
7794112
1685735
2504156
4192782
1233789
2942600
2915281
3940790
2868070
6284582
2983211
2188399
469641
8378670
2950326
18843
8808862
8913665
3374495
8732254
8707435
2340668
8829239
3376760
2613197
3296112
18709
2748763
7301014
1759584
2419003
1294903
271931
886939
4464504
8734259
1184890
8764967
1931894
1689220
3317944
4933840
166576
4825957
6852487
1561575
8282460
2108271
1229847
233675
2207776
4446103
7519127
8839850
2649994
1640844
3901013
120572
4139386
7728834
3570371
2570760
3536844
1562713
5810443
1458781
713936
4473872
6429261
3378063
7108698
3246551
8770724
3210557
19117
8682076
3786744
2600448
2237402
7247893
312218
7381153
2979015
7691464
3233484
2569535
7512156
2824831
5406615
136390
224099
4734653
3621055
5767965
8275414
1189703
4124066
4108534
3323844
364091
2527456
7458172
3474785
1328901
751833
3460332
2114597
1895360
3492979
2432942
5628017
6125844
2273218
2125315
1265152
2769756
1736542
3410829
6297560
3226367
786846
3466186
8958383
311702
8709817
5124032
8523073
429310
8688757
8110813
1824116
8602606
3361435
4743158
2527327
8365876
8154703
8229532
1511563
4316860
7102038
7776330
3614753
3115949
7605269
7901994
8440706
3832161
314680
2631028
2255464
1312724
8586119
3552435
2148160
2896128
4764552
4349051
5368947
6325274
160964
1483710
3496800
2439380
8410591
1828967
8287342
4219612
1199012
8430533
5866904
3171741
7401854
6620831
1767701
8203736
273124
2853623
7743388
3886386
8986860
1804084
7317032
2222835
1797764
8924220
2758889
7152573
7565574
8544945
2180829
8789860
3622644
6964406
4801517
2925815
1644174
2427280
2550258
2606787
2494969
356091
1483317
2906218
7664447
3509568
1656360
1654667
3346286
3135389
1744244
6921908
6393033
3424859
8469036
1813347
7610526
2956485
2723649
4318141
343127
1578030
2378252
5334190
3707523
1508764
2178543
4398107
1742390
2623659
4537287
8945687
4473549
7133359
2706795
6600910
3719217
6820403
212215
2731787
656422
6698623
8197153
1693478
1722461
2978799
1452361
1706821
8585130
7138461
1384743
2821444
122637
6882179
2768977
2785066
7382847
1341012
8604676
8843096
3453266
8750255
5561787
2845558
7709203
1470301
4929935
4432465
2476889
866547
2513228
1326541
1305400
8137410
1360429
1523079
3896659
3352741
3284606
3599975
1404701
2236207
5372713
8877307
2685758
8153395
2692087
7155685
4881264
6251792
4903681
7121103
5587846
3883572
1438722
8292849
1406883
2446067
8792196
1560361
8130180
2922008
4252107
8790134
861286
7761668
5685987
273555
4630134
2729857
4536190
8420218
1802210
1229074
8384241
4376528
3120851
8582313
1879301
1967543
6418968
1277434
5117323
5147509
8756763
2681861
7336370
1248533
3800340
8397424
1993024
4252863
2145375
2116093
4232104
4472918
2939847
114197
1444969
6727973
172290
8464956
8650407
1277737
8894650
1445734
485827
2892248
1809225
4266030
8774117
2727752
3515945
8483513
3649157
8690165
8638171
2942419
8507006
748662
8368299
2412177
7751201
6505054
2894549
3212024
1439715
6366730
8768869
8901554
2800870
3127373
2944565
3627734
175607
1745782
4667112
5602794
3690696
3292260
2738207
3508482
1242367
2747182
68592
2608699
1358632
132391
4241005
838584
2706173
1789701
865706
4792125
4950518
4300735
2863092
2570386
2925894
8925879
8729856
8216299
225152
1815564
2729293
492395
8730599
323486
1726011
358689
689223
2732304
1847061
7297757
881659
6284604
8451535
3293821
3416560
4396607
6642131
1154958
2176674
3870901
8170710
1896749
7399829
8831336
2911995
3949800
8365898
4502851
8305669
2134922
8851960
4745663
2887842
1757986
2949923
2285666
4584670
3842413
8725232
2591468
2900633
2638020
8201289
8663021
731591
4988625
1819002
8980735
8807605
8635212
8220834
1627572
7958301
2774540
5678494
5937724
3378308
2621301
6252009
8650937
8320806
2794666
2338247
8374856
2510075
1413057
5243695
8679627
3780386
2660118
5401917
1528448
8648570
3433234
1644089
1860554
1325817
1483587
331774
2622009
7140226
4631298
2717711
3744299
7489967
1396585
4709084
379504
1322897
1587672
7357924
3815961
2256664
8827691
57853
6246479
858058
8818302
3578989
2356729
7980006
1262277
7742854
8975729
1917581
2264787
1877414
2903758
1309647
1972055
4251749
7690825
8252885
3328413
2201285
8884856
7403282
4824322
8273379
473383
4961042
2199416
2238388
130207
8857814
7164183
2882532
3960282
2634426
3780465
271949
3300796
177982
117564
796233
465170
1113354
2497423
8370428
8181076
7340611
3925919
8465114
8736531
2202963
8359349
8765276
167618
1430982
7611500
1615545
8316342
1532779
6879364
4538125
2257409
1923458
8853234
2365758
5706918
1521944
3714504
8415742
3629702
1318077
2291209
2928251
7486751
8616104
1105887
2950423
3539432
8979566
4975474
1111509
7194036
8607790
1974150
784249
3746281
6706480
1273692
1343784
7222198
1929699
1709601
472742
1174020
8603767
5312198
4437195
1817833
4652042
333479
2245341
7518669
3806320
4354111
3112202
5784153
3415782
8896673
8935302
2892694
1585412
4435886
177006
8167602
2108579
8329400
5790544
219554
1936210
1147679
2842232
4280697
8141629
2684565
3107174
4119263
493332
1513971
3159287
2255485
2527792
1583271
1579653
4425625
1558502
145309
2707603
3798123
1621136
3141362
2445759
5940655
2791240
1655022
3477592
3773687
4194121
8168987
2642208
4707689
1690630
3385628
8427454
1501384
8276366
5766037
2512131
6401958
4219321
3290472
4359141
7485840
1403860
1849715
4695628
2742789
8977310
2471722
1203903
2955272
4198042
8241668
3133271
1553488
8503522
2232732
8258903
2922934
8736866
8796689
2389292
2744736
8338267
2996310
3409347
2518479
383936
4575676
1351476
563429
8207966
6856920
7958543
2322591
830597
8580510
3172612
2690014
7457034
8214751
2325466
278198
186276
2949977
5823546
2453178
2506617
3852191
4788447
1350205
1355495
8486578
8140747
114681
1347933
8599444
2428616
2989781
8570536
8249811
2733910
8515474
2539833
8393978
5641258
286273
2470479
2778075
7383481
4828044
1990529
1539849
215833
272222
1474733
8657259
4601246
2297605
4292242
8448457
4894913
2201255
7827700
2148222
1370748
5543351
8801127
2319115
2761451
862132
2115400
3807345
4758485
4900985
1825262
5866544
3556914
8577693
2104827
4669482
7821840
1306941
4517473
8304752
2968442
3141547
7905122
1103355
8366944
2782346
859903
4975225
130701
1590832
7143279
4441994
2755747
1286831
6383898
1209169
3718880
1657152
179255
7348843
1430873
4791942
694081
8476988
1987238
7252721
2174635
8683882
2906659
4602883
5212334
4746522
7407100
8727963
7847072
7342969
821238
3389544
3568740
1644992
599295
8694079
4499128
8776329
2522374
8561063
6768000
2944755
8286905
8409593
727389
254870
25666
1575563
2233106
810525
8357123
534964
2469119
2831051
2188080
3741726
3220946
2194448
1958120
5658984
6191922
4480757
346045
3679658
1546766
2134080
7999482
8611003
2836198
2292641
3191315
1932117
2573494
8936213
7932253
3586042
4363708
2382138
424409
5935142
5203412
2137510
1698809
2759179
2164019
3818659
3583019
1590587
2369874
5726119
2400945
8140143
8211106
253532
8755974
2739339
8465299
3798360
7745442
2958545
8949605
1168411
4716995
5933120
8792972
1189763
1890825
2411000
3587730
1521903
596388
1663483
2606183
4498262
7958322
1551598
1518992
5777937
6377520
786039
2757383
8190322
8954151
4431645
3792221
7872280
4736752
8975145
1409687
7981478
8102275
2999527
1483228
2615799
5593407
8917495
2714454
2141198
3873776
7302978
8940109
1339745
1631491
3795515
7444929
195108
1583517
8946621
6992412
2113997
728096
8416680
4769924
8447809
4954628
3888213
5177631
6427501
4685361
2921919
7182597
4866648
1266778
5373359
2305576
5317413
4428360
1197307
8538409
2804882
2261348
4854719
6590423
6251589
2563367
8558822
2547106
835098
5431624
5538859
3706584
6237007
2182188
7296478
8347160
8724251
8991421
8517369
7824291
4379278
1386150
3832436
3562997
739222
1921195
466115
3765633
7637006
8490489
4168257
1171576
8316825
2265414
1450472
4828736
1630835
3288828
3342907
8714973
7328534
1333010
3127159
5425318
4248703
7140638
7319311
8510232
1192277
2414263
2254093
178333
7917260
7882088
2438769
2958674
4298380
8666120
7110772
8499886
8267893
3110867
8520212
3709404
2632259
2395722
1540138
8716899
8459006
1944112
4729219
2530759
281186
3703545
2247214
2762586
2379818
2533636
110448
551071
7860108
1100937
7583215
8518433
3300026
8897853
8830092
3118607
4996431
1628384
5266900
8702512
551960
7446411
8702679
6876130
8746763
2990961
1430816
7224540
223919
6113681
1318720
8756718
3968331
2631943
8652336
86054
6381405
8750963
6826401
5948257
1595044
7832821
862902
3496006
6675275
1794700
8419030
2891152
7401791
1110609
7925923
6140373
2420296
2575779
3195201
4834933
7321437
1919565
217970
1538247
2479373
164444
1705483
8980260
730098
2494823
8293311
4151675
3865069
3358234
2684725
8797122
4438755
1502133
1977735
1280799
7893924
3594023
1183557
2171468
251144
1321036
4752679
1422451
1296734
1409284
1553895
8391075
6464358
4354987
3525252
8868622
1594730
1935478
5937724
2849925
8711844
2960667
8518863
6275066
2335176
480861
8998388
8592331
4361886
1474388
7233120
7505324
5259097
8996242
3364449
1169920
7179054
2782007
2661597
2814645
883488
245101
6465361
198952
1679897
2403759
3182654
4669521
119356
8534908
2124499
8395685
8424932
6387742
8493041
8214116
1656405
3546609
4862184
7943999
2627069
8853746
1837335
6824319
2278426
3637431
5200257
8829122
1608661
8510981
8826832
3409569
8832367
3100284
2936129
3614696
4137484
3108959
7536285
2680366
8584923
1594853
1427549
8699786
2864347
2713403
5877001
7120055
5334949
4256137
8773149
2519999
4690578
1562292
1955387
8712043
1454853
4373489
7689984
1509317
1836758
197823
4355374
2982254
4519936
6508966
2234305
2613493
5765510
2917668
751435
1579696
897663
3620151
1380698
3310476
2979193
1354051
8130555
1176465
7546283
1510195
3783469
8907603
257898
6151010
8929724
1200628
8217092
3607249
8540065
8341114
6818330
8515827
2643906
8782865
3210253
3926844
886762
8297391
1292705
7834542
1577823
2454086
3147685
7777404
5186829
828464
8889448
1361437
2784882
7737279
1469377
3889015
4536574
4269321
1814436
1225616
4523769
8641311
8196745
291422
289260
1668577
5238156
8689733
8742675
485632
1750405
1482309
5249583
1926294
2624489
1286283
3578670
1116562
7305192
6638755
1924094
458904
1991409
8404374
8320113
1874412
834576
3363846
7137994
3624858
5716431
2169635
6294360
5784220
618094
2321727
8266365
8477606
6382480
3210996
3329573
1777512
3860822
8128478
3560831
7433371
2732660
791421
3198483
1299809
4774319
2898676
226716
4943326
2748157
882211
2849780
2985611
656932
1227727
2120162
4945584
2418355
6721411
3705863
7826076
825245
8648423
1944080
1229192
7809100
3342513
8993199
1162407
1504285
8756101
272896
3664039
8872799
8235661
6864833
8464238
4521805
4831650
8713221
1906584
1173028
3678517
2568766
8849973
6590379
8189962
8326841
8702808
2675606
6793704
1496433
7347552
7155734
4342700
4129060
8792712
5683193
2509254
8990033
8545709
1688154
8347953
7377052
7921599
7484166
5393007
213820
2621406
7155424
1175770
76024
7489709
7348857
1801825
8318783
4772170
768292
8356304
2800213
2671527
197398
266851
2756837
2903621
1636361
1850649
6892893
8684415
156077
1253227
1857593
2740201
6274508
8134314
4561004
2324768
5171623
7329592
8866310
6767127
8381492
8277375
4294037
2365162
8725618
1743475
2530683
2963558
1641387
8258245
6443261
3220459
6688421
2802037
1622384
1582937
7689243
4290006
718660
7787905
8771712
8741632
4466016
1354214
6495869
834223
2747750
1367704
8668611
1913596
8855144
1551720
1815028
8214569
8206290
2700975
5197618
5264852
4990575
6583916
8441980
3147646
7729720
8205290
215795
4205527
1832864
7434552
6546835
26175
4906191
1823845
8979523
7315972
1876461
3663064
8534203
1477736
6241394
8256029
4802187
3659733
8337932
1535217
8645724
7548815
632879
2168727
4623860
457659
4477044
1352832
7182371
812561
4168729
3132151
5532611
2707049
2484546
7325968
7398550
2286671
8904569
5445306
1814090
1750984
779844
5777346
2745621
2299515
876556
383896
8882821
3952250
1407515
7965223
2183877
8649643
7748387
2231318
2896119
5655489
8149443
2310744
2439194
2360435
6299475
8739257
1454638
1131339
5827597
2961151
4386695
7500555
4809248
3792353
1393892
214314
367153
7276500
825657
4202195
1802247
2955076
8799825
2648737
1595758
8356339
1204264
7788173
4885919
4215732
8689655
3483718
1100728
2448971
8627707
2179568
2324933
7613157
2233842
1592806
2614311
8399223
7136848
6362901
3450913
3108706
1191345
8651504
2661809
8644999
223048
1313778
5251778
3524657
8659335
1267123
1299884
728054
2714188
4592047
8295067
3330126
2414704
1493434
3904340
2233089
1975625
2735777
1269594
7631843
1756617
2821478
3313896
8644684
6436002
1494488
2677136
4582909
7872818
8438202
267696
3402084
1847453
3425622
8341556
2542222
7336747
7442819
376132
661408
8406973
4720454
7214331
8809495
1653045
3933027
1231971
6700828
2176350
5541695
7818322
1759648
889009
3194795
1682386
1247130
1352871
2106948
8365418
42598
7945655
4285329
7719846
1504354
2567656
7278712
231624
7456303
5371937
2226947
3584557
8240488
8205646
8345778
2335685
181388
3926992
8282579
3227027
1399493
3554552
2334457
1893177
6885675
6332269
8488968
6793115
741419
4347111
3129487
8254009
1547324
4434036
1738909
8354356
7549990
8206311
7285535
1705209
49555
5515303
4578464
3215346
2278117
3933873
5633150
1627502
8612234
5661331
7239215
3881869
1568583
8803277
151300
4383125
2389045
2407503
3126415
7531648
7868644
4156639
2559380
1654758
7979836
1706848
1163855
4937191
7943013
1156091
5868202
8177169
8470482
5267689
2708983
8826428
2948808
2734253
3626357
2932077
8767434
1874487
7929756
2931929
2483425
518048
8127746
6875045
1956266
3322933
8599093
1778628
8698513
2117265
4131703
5330832
1252427
3931379
2829680
8865463
1452408
1574050
7119302
4149773
8266158
545645
1154327
2457677
2938586
8858367
2474254
2392366
523214
235035
8770744
4147139
7115510
2522063
2254678
2704836
236622
7409468
6297223
8601370
746573
8713699
2768507
8215450
5577663
1518172
3275812
4550505
732482
1322509
3678864
4411832
2831240
1985388
3724838
4895749
2224629
630171
8623679
3867698
8262728
5401015
2394140
4395102
7820181
4197073
7954484
2246151
1513659
2370539
8679514
5304969
3882887
1453527
1224958
1974025
6256878
2351703
6464203
8952797
3360594
5432828
5737023
4968992
2304349
8168192
2484630
5118827
3401614
894243
3275447
8895824
730821
4619457
1402240
8579258
2246427
1925252
8527561
2876092
8831795
3238015
8453576
8662512
8948140
5635832
7731933
431423
4254056
2924309
2654493
1133635
7767828
4772737
8799881
2959935
1689160
4563974
1634902
6840629
8560925
2617220
4770588
838927
8266346
7804100
3173703
2324367
1150104
7400201
2264746
2430304
2545291
8142041
1222808
1939211
8839607
7656654
217856
3816295
8345884
2969789
2716095
840594
1111709
1317100
5282148
17296
8526109
1186282
3588495
4317536
2283648
6117190
3523649
5681197
5975294
2644571
358201
2587774
1435146
4685618
7842709
188455
1417778
2440026
2523270
8259353
2487223
8886268
4310448
6356691
3355220
2303112
1532672
1597505
824052
1564956
2209854
2549644
1589912
7604831
1954676
6599018
652968
3787102
8165835
8711069
4888953
738758
2542559
2945781
1901974
822209
2554234
7795377
8263004
4327358
5204401
2665504
8153167
4663067
6584238
4688192
2211744
8863691
76425
4742168
8381148
1940671
1790568
4596696
6361457
8439359
4730854
8321240
3728919
4996399
6415118
158253
2823161
1978357
1955441
855080
1430309
5372043
6638145
1357415
2643588
340795
1481173
2678723
3368280
1940845
4237714
2280312
2840378
2588722
814145
1455461
812214
2992446
3180646
2862303
2205125
1949007
5120327
3531578
7676610
7126992
8485451
4653485
8914766
6665203
2745114
8694689
7971967
8492876
522729
1147696
4377433
2511807
8998063
2237756
8162038
1975968
5916138
6516116
5835348
2879820
232491
1158612
2774794
7301448
4211559
382457
2618890
1283665
4552820
1883069
676641
295088
2508890
1941849
219909
3979745
1516228
653263
8285464
8544817
8349582
8684708
274464
1625063
1382550
235661
2590758
827442
3895907
7503190
7173991
8851180
7148210
2252068
4658302
3453882
4659546
7205508
3373294
3209071
7929744
877310
1747120
14046
8452647
2681387
7784538
13883
3576638
1518056
5983757
6390079
2823919
8180274
2999971
2426116
1917809
3969703
188147
5104206
7652324
4166599
234870
5382351
3248773
8709351
1345190
7106555
1596683
1150009
1674715
5957427
2130465
7230255
285015
8862996
551356
7392583
3798737
2787430
1118218
2618560
6163695
4980774
2806638
8314446
1695184
4240306
8101447
1460165
1267289
2661679
423201
1318475
4596906
3790118
8158295
5908191
2988554
7711871
3876086
1158747
5964060
7760432
8979805
4117511
8841034
1101225
1317140
1955078
2398340
2472837
2308343
4466893
3283034
4426793
1186723
1510619
2713325
2381905
8602453
1362120
2337884
2981667
1562264
7845131
2885488
1922952
2791253
3639986
1905485
4445722
6524822
3224159
2718959
4770659
2210135
2515433
2963711
8948248
4576915
5469614
132517
3368552
8478121
4823521
2934884
750621
843297
4342206
2483926
638254
1524057
3860235
8690812
6507919
7707327
8810331
8115929
3891251
8354119
3199813
2478767
793803
4937046
2596585
7127256
1422645
227386
4999876
4872378
5208002
2988851
2501765
3577988
1385944
4733621
4301868
1650932
5850026
8755144
142646
7371871
1507104
764695
2624673
3506129
2421945
2692636
4471552
1127515
6174932
6671094
1586890
5360756
411753
3786171
1792432
1145931
8769343
2965387
8583553
571642
4835650
2701236
4301680
1322419
4172707
2801529
3506181
5588019
2616229
8928994
3138002
7487685
4191304
2161526
8987074
8104125
7322204
2359105
4185941
325452
6238820
5504643
841210
1576367
1877614
148591
6261960
2632353
436850
1863859
6361205
3388848
1912783
1246634
1608875
2720221
7610019
5399326
7284685
5883446
5280828
2296493
6412462
869972
8823105
6642861
3674951
233000
1635718
3307875
2480277
3474469
1273247
8823424
8406315
8586652
8791681
4509746
2814487
3792180
8469284
819926
1393756
283841
7276115
1863703
7899311
4886239
883762
1519558
3163359
1831038
4913244
6276204
7450797
1300553
1644071
2610174
2728888
3732799
7543807
8438569
4663344
8140558
2514254
2526702
1286154
8689232
3127085
1646189
1247092
1746013
8528187
1235502
8545573
8349225
2940255
1896617
2567452
2520395
1889620
3899461
4704733
8673453
3263413
7339796
2610736
1315377
1920070
1418087
3702623
8865234
8304348
1665789
8923973
8118025
1786926
5603189
1536100
8554300
134208
4914655
1407132
2346130
1930631
2414051
3299553
4830996
8630691
5282863
8622716
194949
2796510
2460605
8453159
7459845
1521088
1966795
2476835
6389419
3327463
412906
8727195
1717453
1685647
5191967
4750074
7636320
2743841
7103311
7639
8286569
2724326
4632951
8255638
1394540
1629877
8703688
7763864
8690034
1441093
8200641
8723198
2523652
1144298
4811957
8681255
4962460
895078
524135
416855
8874315
2434161
2147066
7476592
1846788
1363630
1179467
4555641
1984039
5247760
3808136
1149546
7103659
4256238
8515541
3752002
8685014
4418647
1716159
8300116
1593201
3179520
6930472
7901563
1878852
2280574
6783549
216573
7989890
1554990
2509352
2165671
232995
883477
8520913
1361408
2891476
8990195
5922072
7551590
1887325
6490400
4276948
134346
2356744
1661759
2394877
2957316
8530209
2529336
1313342
1980802
8339879
4931132
2514791
1595531
7201249
7818657
2243481
2161514
4367651
1255510
830429
1409971
8640353
1415969
2737890
2267078
1961818
7724661
8900761
4141910
8109759
6609501
3327593
8343968
236883
2476080
2354121
8513194
1643045
2172647
8841053
3895173
5351537
1393511
3789718
1138341
5737922
1423554
2448831
3747727
5923190
8998749
3191536
8982264
3526412
7726043
449465
6222157
1492970
1502501
8672080
8384889
1275512
3576620
3364862
139284
8607600
2508437
8446054
1683541
8489671
4912300
7552858
1606565
7197212
378950
561420
8473645
7623114
540584
7213093
4950349
2526467
2693018
4918865
12988
2516393
750605
3439956
1125996
1161102
8127590
2345906
5894000
3317997
1878424
2426071
2267818
2393840
1363357
2155299
396494
4577678
7276745
1720984
6393259
8546609
2580028
4271469
6158875
4825787
246712
4276334
8356161
8153511
4165847
1750186
2249443
8478397
7346533
8620849
7842265
7297826
2855186
2785254
572860
3431679
1500125
1367394
2897887
456645
4887490
2314264
8152756
4520109
7906716
1879620
8758201
8637045
1246272
3796573
8968782
1677012
4202053
4380891
7721186
6430293
1610766
1467115
1894629
3940666
2683534
2910838
1186383
3825332
267643
2232555
7453082
1464370
5303175
2990161
8538536
2238174
288237
4552593
2731045
2275066
7223474
3386715
2264642
2491039
7217487
8896492
2429335
746651
1511469
4333101
1981100
1513115
8959147
1265273
2324242
3904141
269919
8188989
6129232
2977819
7941885
8502052
8287351
2581925
817920
8872380
7858451
3149396
6962190
2533169
4890827
2563803
6373138
1144385
1170542
6143669
1777985
8214723
2783793
4893280
8715725
3862037
7296224
8272704
4465560
2535254
3666151
1686594
3688403
893351
2508838
7248544
4233990
8769805
2210160
3609898
8292160
8318980
5438373
6409912
5838836
626947
874442
8132923
4141739
1245673
2154411
4810830
7869143
5891936
360069
1869656
1944315
8605979
3709553
5710857
3120560
4407237
8952171
1907944
1970231
2315655
7889857
4162436
8839880
1480463
7437866
1570211
3200799
7889481
5222308
6321381
1184151
8966246
7991477
8823747
3180976
7883100
8855662
1525118
8671345
2440554
8985360
2414788
8646835
2519413
4287333
8237039
7456443
8230649
390172
4783578
8724551
5197874
1199097
7886002
1629192
3114512
1613220
2654225
7594368
7169137
3215876
8478579
8702047
7254841
121486
4663184
8510699
8353268
8186138
8856863
1366045
8322972
8136978
7448579
8820989
2661937
561523
5231042
7146844
8589840
8558281
7911672
8247507
1194152
7148057
1490956
413059
1681090
4165345
1241821
1633685
2747239
7767668
6479155
2613189
8504919
8255618
4207821
4420655
5652931
3948955
3691859
157033
2781609
7288952
431332
1926765
3288495
192543
3215734
7709140
7629014
8533889
7113469
2188269
8639839
8263009
7675897
8753924
8585130
4903248
1606165
2829020
1917499
6817577
3609161
6629302
335019
8914227
8472215
3615995
8247700
7143206
1726583
775530
8798453
7698108
7443503
2646995
4429875
7837926
8217665
1230754
8674386
1226052
8519556
8963605
4586876
2855149
8107255
38721
7215064
7392551
8245800
6493953
3122366
5838561
4646086
5173936
6436080
243581
286519
8269349
7758843
2242874
161856
2673838
4930219
2109421
2100517
7463608
6892194
7120249
2986831
7922769
5304289
2541582
4313168
1185590
7252131
3987584
1273429
1114178
8169216
8728845
1374557
7493696
1856827
1524231
8646367
8749040
8129214
164035
8135655
8811097
8346961
4540725
8258290
336612
3346009
8604
2253045
3273046
8705637
8217777
2600023
7388938
3866840
1155604
6394771
3551951
4831503
1182
8729803
8560345
137394
3948701
2206533
449243
2524632
1829281
8730435
4291789
8407115
8579218
7172733
8499391
2628471
2545636
4265083
2717754
4872941
3153692
170921
7145643
8779735
7272578
8494467
3467212
144200
8368693
8522838
8367561
5245861
2585605
1414264
5721917
8353642
8488633
7693183
2400808
8522953
2731566
3552260
185423
2211018
1619632
8421324
4710814
6593922
4822028
3352584
120621
1527276
1576847
8216757
5254599
8826105
7517581
8524427
8753953
1617465
3710334
2649216
1949967
2320433
1130498
8357754
1294267
176876
2333812
488427
8458163
3267657
8763552
7379413
795915
4417004
6957459
878468
265609
1212237
4845730
8714730
3952699
2787459
1698459
233850
3132985
2582776
2866064
8961817
3245845
3733429
788989
1707822
4662466
3587054
4177115
5577247
4410742
8454767
4773318
1386395
6503005
8678195
2197543
7212445
865078
7843889
5418234
1455806
2446353
2675681
12123
8975855
1170368
1933435
2132285
2273414
8837991
1562939
899872
4649208
7585679
7464846
258687
3988638
6825660
2244779
4700025
8476503
115635
4187930
8851359
452044
2423766
1949547
7938399
5425752
3666429
5237011
2139998
3853052
1828851
6752793
8239184
1964294
1356278
2880189
2291995
5889913
4264596
2909503
2954795
4551131
7811092
3142408
8181009
8487722
2942563
7191320
8791695
8398384
7859105
2836471
2624769
5874518
232549
3378049
6512826
4550495
840948
2957576
8424361
1871564
5928348
7555553
5681776
2708936
244472
8622216
8414647
3845740
2932420
1417817
6542510
6539695
2206635
4848818
2999716
323792
7505961
1878801
6700159
1768866
3489574
8158475
8617212
7280644
1680985
8185469
2996957
4316952
567429
2980582
7770888
1434724
3515153
2678515
1541281
6576164
5425862
6133724
3479840
8688132
8496085
2290407
8896359
5187590
2846815
169439
1423060
89571
7543716
2386702
1629668
6106060
1384059
2696755
4561843
2560891
8195086
3581031
4735926
1868901
1638328
8284065
1875173
8554170
8436347
3375979
7565
2946878
7913508
484952
4184794
2453017
3341372
7844174
2375994
8351159
3380196
2314191
2509854
3276733
7263915
2324492
4631607
5356100
8173287
6565779
8733439
2489744
7472705
8460244
3936863
1408165
8597169
8466900
2689709
8191004
1752465
1931963
7834200
2197410
329232
4302338
1931644
8647383
8337920
1763671
3474729
7809742
1833225
6434960
1676250
3771720
1809627
4905012
5667568
1674468
5384821
6549438
8926167
7480104
2524078
18956
1438066
586962
8951315
4863387
2427916
1750480
2200826
3548751
1641638
7150667
2720252
1829526
3679587
8699140
2481626
8840365
6204587
7746023
3141109
3327015
4812572
1690872
4115274
1119038
2544728
7925652
8692329
8277757
8360028
8717896
3230374
2159850
7598658
8750824
1957936
8589517
4976594
244528
8254227
3630296
1666872
2862459
1496728
841400
4228823
197465
7875343
2702923
2209108
4296894
723353
2293006
7472790
2257553
4344655
7513312
3739039
8961806
4442104
2489134
8223417
4931205
3944456
7777659
1329023
1792680
1491857
4339154
1203931
8104199
2366889
5416004
8748417
1235552
3504627
4742583
8718547
31220
1878785
7908754
8375190
3447973
3351375
1707168
4136083
8646364
1825343
8861696
490531
2514458
2225347
4766406
888303
8473777
4359612
2344385
8258029
1329299
4308367
8466064
1530114
8388876
2177045
1207870
2118918
4438204
3970509
2553753
1936484
1645410
3430768
4660732
3725694
8157616
871188
6300338
2287676
1759040
8721050
827118
7167135
7241232
277541
4635921
7206860
3986529
8542056
1736365
1466645
1175690
1768854
7618036
1735433
1194636
1419895
7616005
8852141
8375588
3827736
716933
7261580
8473438
4951059
3236000
883613
8676083
2653906
1807205
7822440
8651867
7848937
1571318
8965531
3465796
2602352
1599216
2833035
4831029
1246344
2881951
214903
8338933
167978
4981309
872101
1684789
8383637
1943533
238474
488639
1482662
2591276
8476836
3868985
7149163
557060
148901
1180329
2839834
8416630
8254653
2123206
8872925
1284376
1675337
2345795
6438400
8448443
3365937
2416521
2846844
4504387
8560389
6503260
623058
3714385
271207
8187328
8479738
1584945
6315770
1737441
7413102
8865124
2262873
8304802
8326554
5429499
2949660
1371305
7554097
1515079
252589
2164174
4919870
8388151
226986
2811383
8338301
2532611
4174684
7903729
2986989
8846388
7115506
1937859
2256634
176408
183792
1183828
2352036
8842687
8760596
220831
2155059
799908
1549821
4964041
3295993
2409747
259306
2795405
1908675
2288396
345732
1613996
4470622
2844577
24382
267054
7845448
299863
2217867
3434539
2528155
795723
8240197
8378491
6523084
7223201
1460804
4561504
7997476
6211644
2112306
8567638
6149778
2182001
1805271
7160494
8668210
6524065
4755618
8925075
7832421
7149123
3607621
3651782
1217717
2743934
8833466
4469180
3167653
3412737
8237640
3397432
1536945
3359612
7924081
1440323
1694377
4434428
655134
7651764
8927362
1616495
2804842
4527933
3578897
3730816
3246778
1802811
8508315
4134085
3948552
219231
1615740
4129382
1432472
4569486
8325088
3569975
34521
7643822
3740103
8404617
1610532
3286491
1750672
2291604
7284205
5322008
1443962
2107302
8487340
3129892
7805467
8895452
2505792
4925147
2532060
6682005
1352806
2834505
6298620
8772853
3969661
5377483
8644825
1964435
2721707
2485562
1651760
8305136
1643175
7135455
3342256
1130225
5953301
1245617
3113978
6586130
2457695
2887814
2879741
8524625
4241212
8285395
1313291
8960037
8342192
3638173
8677083
299771
1445493
7567649
7888375
8906020
8204014
2948529
8873008
1243846
3374286
1214365
1988057
2158825
1238645
2399602
8770676
2595208
1841412
2559430
5606269
5921919
2555106
7895064
8951764
4948027
7770926
3233003
2386642
8126500
3639101
8627317
4951241
747209
3940766
2104970
8884549
3436457
8718136
388693
1512477
1196099
4139992
1959136
7921199
7481289
8946377
6773744
3843407
2942605
2523776
7507486
2102295
3223338
3467780
1252835
2335081
8901387
4597701
8193388
6422396
2557558
5897363
7521498
8657036
1102621
7891277
6407930
8374090
7484713
2710054
2138087
5398721
8834511
2634991
4862225
2487469
4717793
2731818
5921120
375016
8883779
3731907
2203421
282031
7721787
6499695
2172704
2853299
2456937
2509773
1246657
5392279
8668609
8982409
2514069
8607918
8125863
2766646
8167179
7545506
7925995
1765841
3908570
7559182
7659491
4390762
2228605
8987118
8427340
233542
6329103
1891700
5195186
8645756
7921546
3887973
1415382
1462586
5794517
1343487
8917726
7909504
1557410
7670716
2400022
3691993
6886339
4251772
7639575
697102
1536838
2509009
3430827
8355727
2887682
8744859
6260935
1947958
8368983
1736618
1388767
1175485
1173431
1227826
1959814
1769527
1511047
1678827
4782314
7792007
8876390
5824033
8965485
1927751
7326557
2218764
8726969
8609489
7686332
8390160
352387
546471
8991400
4469200
7701506
1830941
8692114
8701883
8352036
2783910
7845155
2770492
3382749
8944639
2457772
3911049
8446387
8227093
455132
786659
1769725
7338195
8554980
3679269
4835981
8845725
8590905
3893992
8497668
8619655
7862380
5775128
5653942
2180009
1886039
3753759
7359431
7773545
1370268
3742881
4828844
7987958
256756
1323226
2865876
5313453
8649646
6694947
167733
2854946
3441102
51902
7334975
7154272
7816685
8937969
3663917
1735540
2648316
5271864
619150
7269255
8631104
2698252
2223487
3746303
1651437
159139
4800666
3614123
229685
1290495
712094
8498022
2336830
1298114
2760508
5621917
2310767
8998334
1431789
1496116
8413905
4983883
7816940
664561
4739047
362553
7302654
8511513
1479908
2879475
236046
8843411
1738133
3662970
8350210
7664965
4591886
1876978
7687857
1871617
1900022
8805595
628378
8374488
1639761
7137407
8480972
2425576
1364472
2486810
4639629
2626955
1571642
8418836
4742555
4186162
2292450
2679942
1544703
8785815
2837507
2404465
1951096
772343
2747938
442595
8255143
2495773
3272828
8751367
352148
2748024
6321509
5777701
1570326
5867360
7548224
2636750
7675801
4454266
3443294
4979638
8314261
1603318
3190292
2832706
2235575
6423691
4221357
1178252
277959
4305368
2308060
8742525
4300942
6796488
1719177
4420915
7615407
7969746
541834
6709008
4233407
4525793
4309907
4699724
5141265
2140674
3205662
8265226
3361650
3798033
8519447
8858841
4106183
6647134
3779794
2346223
2758150
1843116
3268448
8269666
287419
2757104
7866135
5653835
4171111
5786322
2473998
2882256
4674521
2692161
2590778
4993856
7730869
1670764
1776338
3622260
2821855
8726599
8446371
2811136
1534235
8338524
4391243
1341219
4712724
7343830
8172620
8359678
8127192
8629664
2909685
7890677
6641644
4767971
1654640
2573544
7784759
7798159
183524
2495101
1834142
7967428
1498725
7197451
1918209
7868034
4170912
3633670
2779380
6305803
1878546
2377720
1371409
8609360
8367005
2901954
16541
6547647
4944225
2323646
1222992
791076
4653004
7101652
5920750
4859018
1207529
3174778
2355217
6725623
1397164
5263243
7624762
2753314
2577018
1439962
849082
2684183
1240122
7852250
1618057
3117011
8849745
8763965
8344505
3528725
2773627
8157236
3438428
3952029
3794147
6725932
6505561
5434449
2229253
8856276
8399462
2557966
8929879
8551838
2921143
4489536
266456
1969116
3406521
7253871
6264853
140719
1310879
8708658
8203362
2838731
4806650
4414702
1260825
8581807
4832838
2143084
4400305
8714577
8439312
6789834
7950338
8217282
3189864
1474286
6808002
4558135
8555641
2720150
2224571
4201476
5409684
131937
189
1833890
2207009
1629313
1735074
3148894
1647398
8175754
4512769
1697393
1846966
4683970
4253539
8734390
2260822
8186809
8644689
2104458
4312400
7517170
8754091
8450513
4950643
7927830
1972232
8944815
3367306
3407991
2289356
6648800
8449918
6645072
174924
1608232
4606236
8345223
8347299
8967136
7366894
4434373
1606108
8315366
8871767
8466528
632822
8766937
881533
2328261
2253736
2970883
1573944
3807781
8816794
8144491
2637080
8617973
2343213
8483544
5735709
4169283
3139246
8734321
4327045
225602
12376
6427418
5319496
3438642
1428284
541109
8149583
2130633
8365673
1246549
2826630
8419267
1604809
8653878
7948014
8643942
1408417
84719
1525431
2359540
8584097
721297
5451221
1881721
3783714
8450466
7467087
824444
489367
4298125
8901474
2210854
8214817
2351245
2576675
2837366
8441241
2927807
1621082
2806178
661191
4235475
4503474
8191618
8464902
2454959
4255986
2139114
3976175
2860993
8400640
2476399
7780723
5500491
160606
1467959
7909200
7961905
2173064
1256718
2420161
7963741
1584004
3375588
6800876
4289218
7316319
8168484
2361251
4681669
7700504
8426989
8181517
1959035
1781098
8551950
7607488
1512442
8593477
6231747
4850233
1587186
295794
214937
3472611
8433566
1236992
5437162
3346713
345172
2307066
2727267
1584130
1177739
7105672
1744564
1904196
121684
2179974
4356866
7806521
237592
8188065
5848017
268716
4485381
1575975
8176755
630996
8698319
2679512
4132442
2438231
7685903
1100030
4354368
2782171
3335253
3521945
2453204
3421008
860472
3465112
8720326
2477124
8633432
1877791
4789930
3440176
8225879
5399513
7394106
2311447
1110770
5932316
3121929
2105488
6926986
580523
7645816
1700525
3917576
8524460
8936427
7640158
2198140
2514652
4519059
2928604
1434068
2977964
6321361
2697987
5674951
1507205
2145712
5196681
115033
159886
2482131
1948594
7513440
7982631
2609648
3659003
564731
8356546
2974888
8854530
1637292
5755625
2955243
4896443
7522897
2181207
1999412
8574987
8367833
4280360
1533458
457229
7980432
2105270
2564323
8278866
7771979
5148618
178609
6870795
2256232
3269122
2174262
4779762
734609
1668931
2832648
4838694
8459165
2453373
2396952
4544904
269126
1294874
1527556
8438424
7593498
2841152
8166529
179466
8849480
852679
7617774
6949615
1527286
885412
2255139
7787093
6114137
1273727
4913020
180396
8792133
4365273
8561692
7601434
8566219
1429576
1783496
8953156
2491647
8333024
7341875
1730853
4811385
7567717
1514421
4782087
6129913
2668048
1844525
1868763
1150630
3322040
7302105
8413059
3483057
2878167
2735087
130526
4369804
8839887
3929571
8491587
1959040
5464742
8525745
5813142
5819871
2844536
1525521
1854936
2472226
2506205
5297816
8188256
8134976
3565058
2135730
4647191
1268925
399622
4713627
8370859
6645176
2351121
2649277
3785520
171494
8503070
2978738
2433367
7534322
7230371
7263813
7414876
8496612
2729511
367239
7113423
5592797
5227221
331838
8215038
1967844
7285216
1537575
596889
2152080
2889312
3505137
4156967
2503378
6659146
2277221
839626
496532
8945822
366602
4326709
3813237
4458035
3423040
8862797
8731769
5767853
2415965
2509472
2357901
7313754
2693813
2164854
2884399
8697629
8896473
6919499
1804675
8838465
1617280
7253957
7429672
8227936
2847298
2255640
7506508
4604554
2876276
8787975
5739980
8218725
3579626
2806314
388356
110887
2375826
1153384
8673210
2582918
8225417
1709986
2484412
1584559
8230964
7326045
8221256
2554325
7142547
111707
2494868
1147215
8834196
7592962
2672367
1911595
6243041
8447296
1102224
8408185
3538473
8752331
2391921
5240269
2989169
7750503
7393022
7128965
8798021
8334927
8129294
2554158
1671397
1344337
8581381
389284
1927567
8810918
8201527
1669093
6479793
8537286
3568757
8483714
490146
3538138
4679395
819122
1976462
1526138
8586352
8225606
8991963
8305201
7375918
5641741
2315379
3802719
866295
2176366
8724610
4923442
6797002
4147599
7709720
1456340
3397505
3608305
2638280
2677836
1113127
386216
718377
4553910
2580889
8267033
2586797
146130
8805747
1921364
2473101
3233132
4310481
1659337
5746178
1431270
720699
8452942
3512654
297573
7539349
4730388
4449163
6106906
5611684
7704366
2426686
771158
2984432
8251746
290306
114629
1612839
1235939
8326580
4754902
1488826
6172545
8154112
3528901
7239988
8783690
2438094
327839
2282270
3980981
2978816
8558929
811482
7455822
4316948
6880420
877520
890131
1760323
7258239
29376
1156682
1890958
233271
4311157
2992403
3461789
2355141
7343109
3809031
535793
1318219
7976301
7227027
4111136
2351110
8631779
1287394
1626439
2550074
8143225
8276500
4773557
8680395
2261325
1444919
6960318
4506545
250562
1501441
8376146
8924116
2819686
3143948
3431052
1970184
6878118
1549047
2508668
8727307
8830376
8541750
4424031
3307560
1348360
3357390
1509999
229613
6548946
17542
893839
8588302
3382049
2939237
2751049
7782063
3472633
7826849
8163585
1806724
2817517
5313721
1259587
196085
2393674
4219129
4625315
3738172
226296
2518209
5817093
2503175
2276094
7938910
3897450
5691963
7414044
3153957
4965523
4584858
3967944
2655033
5638735
1766267
8847561
2734001
1708524
364062
3560459
7967239
1304081
3134309
3832426
812260
8524626
1624222
6247281
7515177
2783531
2751332
1562013
2632572
3185323
3406736
4213512
8958666
134911
2963132
8527610
3443747
2698705
4517056
3660684
7808444
5363740
8613422
4827192
2512591
3994386
1545329
1331250
3335650
320450
1609751
1225251
8541540
7608020
8475183
1883244
1683484
8944244
8292114
1442349
7205610
8939626
7666008
8999191
8998060
1878378
6232531
8688098
3373345
1143283
8458114
3323590
174785
1220090
3949305
8766625
1681921
299782
8499001
8868717
3784478
2178120
1661191
3726048
8991995
8917558
1287395
2954523
1307943
1950857
7509030
1706921
4202784
8156607
3434499
2306624
8689172
8859310
268646
2317276
7312569
8793623
4623806
2338321
4266213
1933603
8891249
32212
1740467
8434443
8893443
1170401
7162623
7975320
1951381
8845544
5166018
4204441
148773
127595
4235130
4242141
1192409
3432976
2196747
2839895
7736082
8180768
2310793
1815711
2154412
6469153
8368785
4397150
168555
2957021
2502502
8687406
241887
1521033
151637
8837839
2259585
5296996
8330726
3663688
1317418
7419165
282085
2730704
5270303
4855532
3917936
2739948
125908
4221693
6762972
1188158
7912588
4500662
3128996
696337
3168466
691773
6151166
2809268
2908387
1949035
8193033
2743259
470023
7776268
7352185
8142297
8438756
484538
1578527
1195451
1945716
8415324
4488930
8991880
5874648
8203653
1304537
1191257
3594400
1106874
811490
4486044
2749164
3209303
2250087
1342642
3693046
4592114
8825766
3194035
4670640
7318109
8158168
1191605
8720524
1713847
2320229
4138274
8620241
5434424
6728809
729573
2970693
2233628
2825555
3776227
666369
837978
3597171
2545104
1461571
8757687
6224300
3522757
5402908
1552024
7107199
7569023
8462887
8362906
1194351
5807245
8593130
4755460
2174990
6880606
7658344
4324970
8416258
1458069
1948246
892582
8289655
2126164
2831857
188072
6745848
815148
3562427
8348249
8412837
8188376
380602
6769715
4426997
7503761
4672820
4260757
1715205
1205003
8288918
5731993
8463178
811229
8690638
8864678
8264066
3945459
1598099
1810328
2133107
168670
8962099
8227438
1806460
441521
5580275
169269
1603946
4511995
3874534
8280519
1984365
6967095
1338262
1991235
210683
7183444
7204053
672766
321617
1105539
6632196
2416350
1598026
6252039
5365063
6561050
4729278
8826895
4686114
8959337
1550749
2170185
6540553
7499846
8558236
1884968
8196376
3378753
1904510
1759182
2377946
34050
8501972
2666924
1837883
655698
3203772
8188924
3143967
4647985
1547714
8294506
1468135
6453050
3605197
2444966
2714054
271309
127729
5570932
5869052
1462536
1856768
7273129
8330845
1610672
8555394
3373429
2770679
7677108
1419772
4466309
8197154
892521
7624638
4839801
7134944
7170750
3486036
2969600
2320764
5701110
1636917
3114176
3592431
8995018
7308497
6737074
8968539
8625122
8828520
1396382
1149433
1284257
1616083
2731879
8127175
8231372
8566191
3126237
7964128
3215490
7188844
7477957
1351669
4891188
3579434
7718705
3752177
1194186
8247576
5532293
8698223
1266365
5558863
1522521
3545629
5416023
7428423
8202723
2259736
1578541
1712913
8783061
3136513
1265587
4652856
412039
2568732
7932109
7912915
2484040
732173
4798573
1181439
4625248
4712079
7740967
5832326
2874037
8223469
3505388
148605
7645789
118161
2730107
5460477
184245
2455913
3246404
8586613
7151284
2989360
727085
8596179
8892742
299555
8955372
3512162
8912840
8221767
4760987
2139625
251642
1323797
3801804
3207829
4179114
2724346
7517508
1425535
8230303
264905
3769347
1989787
2751680
1803504
2401529
172332
5494451
3504098
5986644
4371959
1911549
1958794
8848316
4643924
1551689
8366659
1271548
2198201
5550509
2227959
1336119
2812422
2394300
818941
1865220
8533051
8673653
223262
2292738
871623
5269975
8136960
8298101
7183372
8724548
8927011
844622
2253229
2569169
8522523
1812685
7365237
3519591
4898155
8681884
7774670
2432997
884890
1955123
290177
7390793
8729873
5224627
1883662
7816365
8810967
6422701
3985952
3218694
2853463
8481195
8480544
4134349
3348043
545405
2152727
1286103
1735510
1997214
4756331
2759633
669281
1613770
3590885
342884
8967283
8838867
3745779
1528620
649417
8951829
5780198
1539882
3419336
6393882
8631784
1479248
222074
1828494
2513464
3469547
2585974
151526
3125181
1354920
2488584
1762192
177503
8569418
7717366
2321747
2292879
2772136
382876
3822256
1666406
827271
8437303
4387717
7189625
8726859
8112982
5447682
8642155
7311645
2492080
862334
3520334
2361631
5424085
7843182
2701640
4437502
7148006
8220205
2308502
450571
6262469
2126175
8790646
4486628
2496880
8956539
2384261
7752496
7943058
7571000
2379767
8206424
859419
1410781
2969052
8803612
8644670
1356198
2585745
2183904
3908567
1825215
8640336
147337
3512953
5447787
8583069
4677452
2124294
2476773
8219531
4856845
126783
1836294
3893508
7880892
2367898
1968840
6355638
7874157
8230687
8767001
1732629
1436401
797317
8313325
1355461
1891125
4476334
1696069
6265944
3359920
4300420
8319374
1785515
1840812
8196493
8179673
3591329
2175831
4129429
8272728
4730103
217413
1631784
3316282
12408
499924
1745463
7663025
8400236
3502504
2950223
5636992
2604951
429660
1659134
1338244
4185372
1796167
7940986
3515739
2370423
7600936
3451275
2268474
3281120
2210561
5319542
1300798
8847601
2872543
1295303
2948409
1494175
8293389
1705924
7239992
8551441
1704383
1932334
8333567
426630
4556145
215638
2720844
4510417
6633515
2761763
3801339
7794976
2808233
8827037
2136469
3357500
170206
4720626
4865436
8905405
3269471
2868313
2513189
1667281
8788717
215334
1551060
6758293
2248479
2645083
6648526
7144067
3851236
7288121
2449373
2542171
2208603
3169694
3667984
2511447
8983269
2355337
79092
1362299
4435539
2687903
2315069
6343859
6585822
3266240
8846962
8243074
8782679
1140138
1324691
8534449
8196238
1248303
8878230
1190399
6356334
3935164
2698111
852175
1921154
3220135
7641678
4934920
3872610
1704727
1913016
8868026
2496863
2935945
4251086
2330269
4158053
3355993
4376914
3447973
4296125
3842324
8392795
2910547
3784713
8972068
2882109
7783741
8315320
5893890
825671
2290797
1885099
8686847
1108337
2664214
6720099
7798593
5213947
1987922
8621678
1743576
4786358
7732013
78248
1832611
8429647
5312975
7138695
2332492
29186
2983985
8379144
8140162
3747814
6712148
4411161
5329684
2939986
2633864
8190900
1140165
1149626
3743682
7487159
4244775
4360321
8971924
3988135
8938807
2610102
4887804
1144675
2705175
1529010
2852378
4766332
1473551
1764932
1568062
4510514
1230774
3370125
1888853
3634317
7999152
8786284
85546
8149577
6589084
8422446
4539149
194481
5320870
2297720
2741720
2932012
6102757
8437910
8366894
2696806
4812249
124661
2479216
2787513
1802667
3670
7194317
1122525
852248
7216354
293137
7346046
5489563
1810510
8714955
4704992
2799075
2880266
2781802
7504708
4939268
4924224
880972
8134434
1861487
2356728
1855079
8340858
1908954
6660873
153802
8986560
2690139
1211647
621763
8599415
2370627
3747887
6738266
458825
8585688
7440290
3155362
4428090
8705551
1158016
8917139
833334
3407069
8583871
8639298
478732
2781593
2625367
7943468
3302252
8983402
8738387
2219107
8602386
4433371
8831853
2444919
3880877
2128867
1990065
1330531
5891040
3472513
4860756
258028
4538571
6933012
7500351
1351665
3367715
7394263
1350066
3221315
8695293
6867028
889307
4839413
2386623
7390003
1410275
4843635
2613380
2647149
2253911
7624284
1737317
3690475
441648
3539487
382430
2570529
7285227
667436
295592
8230893
8200771
5150793
2545558
5861788
1346504
6621343
8505244
1600107
182957
1345077
2361441
285288
1569077
2999846
3522902
2688758
8301899
8823594
895719
3472352
5397974
2848783
1254312
158623
8113910
3471987
8847326
2875118
1944421
5275596
1839729
1567310
4369752
7232018
4947662
6704860
716720
2131314
1397632
8177518
2290608
7590444
8884829
1474664
293733
4599436
3583084
8552576
8320026
2646
1370713
2611156
8733215
1645875
3274709
2491816
3996270
7248304
8168057
5584051
8718251
2967452
7582734
1806072
2585608
2472233
8478816
5228950
2884245
4421900
2542565
4944881
1343604
3911564
1561578
4934575
2465424
1905949
2959127
6931669
1180797
1834644
1944331
435578
7467549
7905150
1582226
8518529
1515111
3769618
748470
1761866
8369628
3238025
2319027
1365327
5486424
822876
1991978
6494450
7757801
1413588
3593964
7878273
8492601
2257896
1472383
8638350
8554185
3104166
3538555
780697
1223546
6548226
4528141
8449505
4356123
2847592
2792016
114875
851823
4237619
7788389
8860315
7806544
440495
2486989
1363497
488310
1473432
4738976
2152550
2127595
54988
8422864
4892846
5106677
2252158
8836009
4937151
8609968
8160376
8550414
464479
4649612
8619055
4655414
844064
8314078
2542850
2133248
6113469
8167996
160808
3583824
8394868
294181
273365
3696553
1262277
8731984
7290729
1716564
3844026
8955281
1167684
2536604
1861169
2434949
1718080
8427964
8782344
3540017
8691218
1596548
6300974
7427853
268572
5950604
844988
2432361
8930518
5394767
2955448
2605072
5900585
8866388
1515766
8877582
1272014
6788971
2973489
2997809
4845731
1311560
1832058
2368722
8560997
5324999
8745431
5774026
1302526
1758535
1528475
1488828
1583100
4551433
2813269
8576174
7952831
5689871
2566392
794674
6867458
8697248
4233491
7722383
2350766
1979128
4702856
2627856
2970625
4591318
1309556
8665597
1570766
2787249
2653354
1825651
3417691
2199992
8866591
3390208
1880834
2433118
2420253
7108574
2179923
3236794
2116656
3453645
1830477
874876
2931947
1916449
1658229
5746876
4815318
1882140
1747499
2307608
1751484
7752585
2274285
2173052
3372907
2991156
285560
454297
7638584
8699221
1520051
2114934
8931124
2751563
6101116
8605970
4238672
8731991
4815352
2840757
450437
7962958
8972708
2543498
1561573
3604900
2687849
2717498
1592545
1231119
5904837
6526317
1445338
1928795
8293073
465805
7749736
7121961
8668333
8864048
3641844
5694502
3358103
8893400
7215058
1959476
1944206
3848820
4988157
8361738
1946634
2617993
8574222
6630096
2117317
596402
7196053
2190053
3975269
1673977
1410075
4526133
1661853
6589901
1590629
8780641
1900292
2304964
794812
4946521
1978719
8576040
2132931
8779101
3386121
8483484
3994015
7805165
2507830
4415242
8720438
7626783
4478480
3418440
1998631
2824068
2120021
2878454
5323224
4209924
157103
6549435
6212172
2555990
8156723
7811071
2473668
8740712
1811413
2234939
2380090
1322915
7764815
1205517
2468295
1990765
8694254
2735814
3891332
5146181
3911509
2231534
1554383
2372430
4326393
2838931
3391531
4565886
8713158
2924372
1937964
7669764
6827484
42113
2108033
5793427
2974993
8131670
7145499
1551410
1674677
4140651
1205169
7610675
8280544
3903797
2423743
5590877
3671223
5192676
1178302
4141818
2100361
8760832
1985509
8811924
6683861
8460134
2349568
1208754
3624373
566329
6955374
1928309
146620
7940124
1944307
8698635
1907284
8754534
4249169
7397653
3391673
7749684
5913024
4365357
2695685
8679433
8127333
1614594
138352
2788521
8119364
1590945
8159924
1259310
7690942
3722428
3303781
7623397
1472433
3974900
4717005
2762613
8352656
8670240
8247470
637317
8804609
4659565
4398820
1525491
775503
4201632
2177116
2824458
7130153
831305
4438329
8158844
896664
8480173
8199576
8484717
7510580
7173083
2382799
5654476
382467
331815
4591674
188117
8495757
1956193
1752793
8738998
1896400
4136764
2743394
2982367
8487770
8989445
1345054
1749415
7879607
2419973
143142
169074
3724380
2951098
778600
2707637
3564203
2160278
8640615
6888077
730052
8196311
4181909
2696961
4406393
2832315
8920541
2117369
1702650
1756653
2755367
7167536
8263656
2966313
1517048
5858607
1534303
145819
4925826
2946679
8249736
3847553
2232214
8437989
8120600
2631226
8642749
7179747
2505036
2688853
2430022
5340078
2867695
1159915
115660
3643538
8497950
8466577
3470993
5467756
1110975
7633575
2885984
1192464
2574050
2793727
6624110
3133113
8297521
4303142
8280728
1199225
3632131
2451144
780545
2350413
1831764
5295455
8234420
3352540
4532483
8291524
354676
8814626
8974695
2476705
3543456
1298451
8304614
1380269
1726996
8214350
3765306
3787821
5301251
2404020
7443179
197948
8837629
7676836
4403132
3759928
3835991
8373177
6477371
6415122
7341584
1338695
4747419
4161195
6742235
3331543
8318191
1825927
8368815
218103
5113645
6393524
2289525
1267221
2505425
2867269
1104976
1345873
2975997
8621194
2525957
8864622
3760923
8850554
7497073
8371864
1154188
8964598
2391322
7451860
1210270
2410251
4903263
1482570
7821833
4678652
4854611
1424484
8115999
144490
1389321
3399800
314555
3562470
3464522
1468295
2314244
451447
6128421
1966735
8158119
7277673
741580
4301253
1824716
4357322
1244603
484441
532380
1197535
263238
4913571
1875423
8401018
3245618
3513232
5475674
2481361
856488
3460022
2501994
8279440
3789140
2963183
4978989
3758953
3331219
2703185
8186438
7551607
2981937
5737736
6945728
1314942
6158270
1796383
556823
4296893
1195968
8357046
2112545
2834634
7360610
4377944
2354962
8886125
6247086
6804226
7270059
2183648
610921
8244045
1734400
193150
2842881
8281171
1559987
4915162
1148455
7163308
861251
2798349
2712700
4585777
3205820
1616684
1784468
4432643
8452723
8930279
2325382
764588
8317439
1363781
2507428
2569867
4435145
2306381
2829066
142229
8110183
274838
2571426
3266410
2490551
8756676
2203972
180027
6735286
6870127
8448962
2248601
2225424
7807321
8366927
1241827
2121427
1818204
1704188
8204952
3556560
1866746
8101564
256741
4976828
3144868
2987434
2298595
8833245
7669437
2561190
2609559
1183617
8645196
7864865
8484937
4337095
7334353
5265330
8668078
7785135
8103324
4256503
869108
778423
7238058
2257481
1673719
4594215
2955471
8387351
8929855
754658
562149
2471358
1659794
5766773
2739204
8116639
2310943
1876373
4607256
1857378
8521949
8868155
2214360
8990763
1901113
3604885
5932863
2382696
7846905
2260445
717570
8231125
88620
4257490
2294713
2939675
6824872
678896
1846341
1989576
6249001
3369134
5204452
7820429
2635828
8953784
8550373
159486
2757114
5661325
4389728
2490845
4123256
3552179
2835298
8608619
260551
1443933
8665877
2180412
8470367
1354231
2784868
8159437
2784668
1811016
2992480
1193682
8351506
8464711
2646744
399709
7636987
420116
7126825
298058
7286146
6937580
7159128
5164832
2369492
4971167
8943116
6708013
7773838
415832
8951810
1150663
1561348
7448237
2163214
8811974
3749913
4625852
4218309
2262579
1425249
2558715
3567918
2775784
2409344
7870805
3211133
1410463
2122402
7455247
8425807
2603522
1647504
6991903
2345598
8894320
3761954
4397830
1732325
8451787
6621758
1976288
2477480
2383615
2818750
8643549
2123399
1276293
3566548
5904131
7106003
5672518
3878517
4806432
1656761
182895
3180744
2618155
3711997
475408
894847
5313592
2432385
717683
1411174
2148724
2508490
1887100
1172609
2480345
2166346
8875822
8924760
8415682
7295943
76376
1529371
2595359
1112790
2773518
3529097
194081
2246293
8165380
3841675
1186386
7545931
8186670
8436016
2718274
2504682
3386614
8196398
2253511
358836
8865417
1631088
2284205
2329057
8651537
4959078
2469074
7280104
796630
3394699
510750
1586147
1653429
1383438
2309662
4154339
6919335
2701665
3857631
3702127
221642
267738
6932447
1392761
1237790
2257918
2262044
4214576
1356208
8675292
7163309
8839043
1665617
1607043
8795106
4136842
8928331
3862560
8421673
4575293
1361486
8642230
217946
5739730
7659788
7699292
230654
4909956
8273615
593652
8395391
8527175
2999988
2756973
7546368
7669677
8746084
8714213
8488225
6809635
8380202
3644954
1418473
1193207
5902641
8853355
2541337
2832561
3645286
2685241
1801342
8711171
8772966
150127
3518410
3455629
8816164
7597458
1148272
2709822
3837273
2364752
3264644
2540788
3978285
7250563
385523
8843356
4931721
7361830
3486436
2983256
445840
1151168
6779461
8981445
1273604
822509
2920330
4637245
2452054
5605398
4183889
5711926
7135942
5871210
2833410
8467668
1983813
3619128
7995941
492739
3611971
8310664
3673486
3985269
2347637
1650074
7959092
8144315
8750113
1588234
5807030
2371815
1105723
2612506
1466737
2169681
1520385
5911374
2770570
7710723
4820581
8241609
333025
1140151
4535909
1852876
3232354
7346177
3773283
1781423
2407914
1860224
3661772
3824794
1279632
2818537
2676637
6969706
1733983
4510912
2634900
2674491
1921185
7511574
8249195
2331494
8981069
1416474
2151
1868915
1385790
7571128
3795830
1938963
1957214
8870078
1379774
1823406
7292831
1412786
7414511
2793662
1811737
8739910
5735567
323832
2453622
6656342
1604319
1483876
8532438
1723114
8111947
6772012
1785059
1865305
2915713
1390801
5682132
3266162
7738387
2407507
7697271
8471403
2315965
2617337
2664766
2592423
6324907
1157199
183335
368308
2150607
2937132
8424210
8201159
4475527
7183442
1224597
2493369
7888582
3442392
3278885
7934289
2804373
728812
4619951
4490069
2884813
8409889
2913883
8718194
8128600
2922353
255831
7394368
1929824
2841759
4726992
7278062
7309633
1231425
4473788
5334522
1249694
1549061
1398220
3202388
8253827
2292537
2753277
3858918
7258674
8907680
1836340
2585562
2474438
8727124
2191154
5185313
7416520
7722276
2985891
3645250
1351923
4203128
8166104
2766629
8853772
1474904
4109178
8795598
8707925
5455045
5784609
215909
3793332
4480527
4882242
2418473
6721757
1388529
8491913
2989991
3231057
6982454
4449787
1751706
