1530131
3655018
8576407
2796813
363661
1535639
9725858
4730756
4961302
4943319
5662201
2200446
2770546
2854123
5172119
2599302
174424
2421943
7950204
2199047
9826997
2364418
1898411
1767188
119373
5784923
3110894
1321812
5259114
4922438
2180480
1975539
1463736
494450
4382035
1345200
8402002
361209
1603338
5229369
1374861
3706905
8732585
1202546
1932176
7138246
1339524
1153982
5194952
4395809
5895028
694722
3759008
6559402
6622002
1263464
4145934
1185905
1253302
1843331
2861831
5198683
1826290
4536145
1369171
485740
3630761
6753201
4292342
1605399
3240946
2513007
1423020
4450317
197384
2356907
1420335
4104064
3325300
4683554
2144407
1648742
3508623
1481346
1731529
4986127
1252394
1908435
1700970
6920379
1903158
275291
2398416
9475327
2592061
4784577
6328973
5794324
9393058
8949596
2877643
1227288
2638066
3790038
145217
217680
1347483
3592369
4930152
4988924
1941460
1624114
8311784
4556910
7285820
3816241
2721801
176004
3748203
3783389
263681
2930273
3271360
2786597
3767453
2602094
2120576
3476532
8667217
1769451
2107852
1321718
772909
2219316
2483369
2486914
1844333
2385732
1479909
3337947
7604836
1521176
1687618
385727
1216691
1471858
5343379
1795159
6732509
1933893
3461436
4147361
5650467
6868401
6905750
7687912
1447533
1990922
1342815
2287816
9163705
2638006
2565294
3863189
9289450
3299263
8974926
1392972
419344
5291848
6958175
142792
3525894
1741302
5891804
1466647
4437029
5345191
1977841
4487676
16187
134886
9709335
3920967
2522777
1925124
1784088
3586091
3675882
5769418
3967057
3822984
1875663
2489650
2411488
5716635
2336942
462302
377413
11332
378488
7790732
8529169
1191071
8792022
4443111
7198601
1574288
1736169
7678148
3529798
1219034
8685825
2425797
5430590
2939137
465482
7837879
2189725
1946348
2831780
3873802
580175
395444
9707593
6837584
6626869
9149753
9735230
4765331
5865295
192768
3157023
2524817
373279
4857476
9658082
6913504
1775346
1646139
2152809
1397959
2213854
1793031
7589575
9150834
4273072
4498469
2890056
5485664
3602227
1504808
1750936
2128911
1422212
2594022
7436752
1340623
3599853
2356565
1486174
2817657
495591
8566189
4751964
9965980
7573284
4985367
4761843
2378550
4713377
1353894
319232
2423013
2646264
185236
9276771
8104907
6505624
2237045
1371715
7526809
7916702
3674764
1560148
2632975
9501356
5980054
7873310
6861614
3296881
4764628
9940134
1365202
1905638
2383817
3108596
7790384
5576617
3974263
92561
623184
472116
2144989
2639144
919154
9980412
7762408
2453368
558391
524197
5658897
1474538
2377492
1179539
2989316
1762577
3445904
6391613
6951577
7106329
5409549
1762174
5755564
6192709
1343009
9579975
9934652
1115197
1599355
4132960
4470583
3941194
1101203
6344684
2146632
671536
8542377
9777642
7148699
5892148
4633842
1213526
692863
9987163
2803825
5829947
6168543
589073
8899149
1608085
368082
1291161
2190053
7790087
1582235
1728221
3308971
2906749
1355118
2108517
1247764
4256480
9778044
1203542
8201886
9962409
4150163
1769244
46662
2636449
7822599
6128170
1785453
3343790
3736059
298795
1880560
4431647
1484355
4316214
8495530
1981755
1712519
7872963
7501935
4227524
2822903
5690815
3431530
1221161
1425861
1662981
4217365
4764150
5188208
1835967
7774790
3455382
2671781
1496023
3736678
1978504
1218859
1738726
2831483
4729631
6509040
7290542
3168934
1107044
893889
3419447
3789595
1766093
1898660
5230732
6252563
9109563
5867446
5112877
775712
7943391
1110156
3553232
2433615
3112256
81795
2837014
1465297
1968559
6357235
4557809
1628058
193046
6408730
268940
6119251
3314029
259468
5612378
2286380
544906
6442718
9203536
7217285
8537240
5784058
5156036
555782
4793261
3512550
6148383
4765674
4739746
542390
1703599
5966348
5790054
2809781
3748717
6449198
3195503
1654878
1876919
1570684
7940033
4147714
8401726
13420
2812048
1946630
212052
1715333
1234231
3156352
483625
2213099
1791965
8864232
3199144
2965698
4384837
8533713
4563184
4427216
369477
3522315
4296693
4785961
8376611
8805397
1889089
1393038
4120420
2354682
3454545
2485290
1989588
2257348
3560497
9717993
6356085
1485357
344137
6709345
5617618
1740661
1497481
3415012
1697072
239485
3356948
2947079
9523058
2562618
951378
1916141
4621519
1983868
1757697
4554694
5331516
2542644
2325210
5895340
2866374
4118412
4274602
5877004
6148322
4530336
753613
3712478
2518591
7823363
2683031
5558250
4423193
2928808
1699527
9346248
2278817
140996
8755520
5382353
7107793
3223156
122702
1671610
4338227
1118516
370240
2506256
8360111
5897117
5349860
4308471
1983424
8191557
3685114
5829193
3552915
3327596
3383115
1795262
6440833
8133332
3874998
1281852
2352480
1825924
399740
3267879
2726730
723959
4279924
4435441
1255138
3620176
5627906
3327314
5653221
1614894
2972356
3899901
1268740
5955233
342949
9996569
8683670
1336003
2977533
1874795
8120802
9581619
3961699
4351589
3638879
1167914
2504776
8445345
1773174
1109101
2226262
3661002
3418073
6106730
147770
130507
1178723
1349187
2338662
1410374
1627274
1719910
1877299
5460473
8936249
1570707
3466160
9695372
9939048
650979
1558157
2359524
2231939
1564860
9950536
2319946
2380968
4482631
8764184
197265
3710231
4292051
7958261
2955944
2498730
1607856
5417914
1757079
5173805
5890482
8493820
2350622
7364472
1773224
1122563
198450
5123484
2852058
4272720
1671047
2356050
4405184
5961928
1500964
3885302
1439013
127751
2889603
3287338
3657412
3106649
2590622
1345028
8757400
1998528
4392468
536652
7936565
545289
2279762
2249973
1444217
1800196
2378752
5646497
8513416
1349570
2841649
463457
2920949
4746040
8853789
9918052
6237622
1858552
5621095
5196796
377738
110201
3760165
4413730
2942038
4842233
1496953
1565465
1740694
4124319
44638
638353
1161884
1730589
2785712
2232987
116166
4803596
1756435
9834659
1659359
5841064
1139689
1607338
281847
1168136
411282
7713158
3108979
7428984
7426136
479342
6321635
4439159
8378422
391998
1218117
291728
3805185
5760778
3205340
1332670
6595056
2915153
1446947
1467602
3739628
4519264
3598654
8622011
1508212
4528671
1805187
1813951
3752337
1165731
2834236
8374708
390486
1837112
141460
4586388
5584583
1719669
5242123
191722
1165283
7658493
7355154
1665483
5914260
2159027
3206645
1821075
2701652
8264648
2279329
321999
1183151
114996
5615670
6831365
985101
1750048
1437422
3288111
4704603
5645709
192347
1189899
1246513
5738810
1988439
1263261
6228189
5221742
132858
8802469
1242519
1961182
1763697
1335081
4287022
1494145
9495007
2916835
8752383
5336094
1365541
315071
4644582
3490120
1360941
9406994
2596157
6317552
2964734
5414507
1439524
1360193
5993649
5577729
8163659
2636107
4824693
431932
4992587
2955843
144633
9769371
5553107
556239
2897524
4308280
6119409
1662412
1458391
5188840
3280858
7228612
1276896
1998956
1869129
2220911
7633655
2222001
11587
1709057
261457
4356244
3110694
1316100
1873882
2734230
2101005
5373493
3720871
8276705
3206915
3801799
632726
488999
1691380
19770
113456
1347260
5701775
5848509
2409250
1744973
9640800
5765960
8896447
1389660
2576689
311513
8608399
1568579
129069
2934624
6725629
4875784
4499896
1634094
4203612
1816898
1620234
2525394
2782073
2672529
5602259
2417465
7288639
9388407
185525
8728943
3702002
2537115
1502306
2700955
7969320
1301049
1561726
7642864
5972852
2301712
6307022
8954246
236313
5259690
2274885
7694442
3791989
1170543
4137295
5529315
393747
1695390
4771285
1842219
1928588
1332309
1968989
7870584
9225291
1265523
2359541
2714345
9410505
1879833
35316
2502359
2255675
8711216
5871953
1562192
67450
5893566
85302
4895988
6743747
5908870
2732659
4777202
2438894
3793955
4286947
8308641
1453313
2645577
1545186
2658330
5590350
4321220
1651759
8379041
3892677
9778623
2796563
2528547
7357744
4957394
2981118
5327432
1298973
2507370
1815884
1503418
3552100
8584315
1341079
1761227
2824444
6999069
5123011
4249484
1807015
1528709
3899257
1357139
7412198
1199110
3923378
1632907
1157426
229771
3435273
7945698
3647662
7911259
1331030
7499014
1867069
141194
9296541
1781596
1321570
5130014
1731127
980842
9765142
510269
1832059
1667393
9355020
1972459
1934988
3642788
1987042
164639
5406624
1801692
5171475
3405504
2178868
1751472
1516261
6874569
5828968
1900631
240141
5430744
3311052
6644269
4164924
8903970
9815305
3664708
7564992
4804076
6184584
6339291
6811730
1883069
7603896
7281361
2237857
4765383
5184962
2764602
1588803
4917065
1988979
227108
2511370
147528
933521
5830669
3782650
3938284
2952507
171910
2965234
9658123
3563906
3649212
4718079
7278958
183217
7560368
141572
3823807
4232314
5107398
2254294
6756435
9522136
7856457
1238134
1374842
115927
530700
2511819
4880182
1116963
1193789
1227282
7753704
6556885
3650265
3369080
7651126
9351292
1165891
1769328
3491595
1302135
2731130
3392222
3157160
1997001
4386845
3840920
9569824
1710580
3563884
5969816
1373074
6586744
16618
4498631
1419283
4699712
9835474
4409237
2532088
8803964
3815513
2393353
3470756
16170
1567602
8244203
6249933
5582792
1556276
6808987
2162806
470339
2433053
384275
9962977
7775602
1358251
1269803
8138582
2457468
7798004
9264825
3965037
8732720
4880755
1307237
1147126
9851640
2357698
2326790
3308731
2613194
1758494
1410838
2121094
2354347
249978
2195057
2387267
1476733
1432650
1548674
1261509
2635630
3391332
2481317
1262726
1165397
6306076
4901072
4375391
1462367
3608548
3786474
2395962
375214
1163900
9172006
6666676
1526895
7121458
4538691
2102326
3188501
2731403
1933925
6259931
89528
2870821
1335210
7881177
1101925
2903981
3229894
1270688
3990033
1952934
922327
5178596
3569357
4831526
4946707
2157067
8845265
1518589
1499309
7418775
3705460
1780414
3662325
1800317
2272537
1160237
3889521
4651326
732354
6130107
114879
1373767
515314
8580424
1194440
3115903
1629072
4323786
5284024
1621770
2128071
5767198
3834110
7693871
6756198
960175
319236
258568
2393994
799482
155238
7589872
7249659
1687483
1488676
8752454
6404480
6607303
1897327
2346166
5700389
2827489
2437258
1575216
7472905
1311836
257933
2101380
1354075
4469162
3809504
2463764
4667342
3377163
1958718
1233199
5342815
1262969
4402307
4603980
3598090
4445443
287447
4661232
1754041
5288584
1289318
225350
1192553
3973613
1118688
1546693
1462882
4460222
7336351
1506773
3112218
9314573
7824440
21931
5513426
1824396
4398207
9580979
2844863
3426782
2578917
3226578
7760891
1531769
7675125
1133087
2855692
4262953
522151
2145230
9654416
121522
3221301
2125893
1272631
1649199
2854612
3578219
5921196
2138785
2792595
4266729
7826411
6104628
5473555
1549753
3327746
1360200
4365107
9746100
8673930
3408573
1452380
2427658
7150101
3513542
2559404
1960986
1168541
8584723
2180375
9572531
4307930
5800835
8501338
1141619
9203578
2938587
1508775
182116
5865
9657609
5574389
1810517
1924697
2270632
5213342
6215468
5883769
1729232
3769821
4941859
2655357
8720190
8700717
7563125
4363661
8433512
2828430
1601180
1617666
5248548
1595420
4315344
5974604
1141441
3468115
1513625
7771971
2739243
1277056
1657027
3875875
1437993
7270917
7832801
4582465
1712268
1640242
1808609
1605073
5300728
2309644
6516360
4308886
9523795
6875102
3658606
2335540
5265524
258121
4507751
3508733
8717201
3829884
533367
7626138
1805733
1140125
2645087
23932
1170426
2675578
1323674
64855
6258402
6227485
5193079
1162373
8954635
2712280
7165566
2398043
3238031
1123507
7894991
7606179
252937
6540482
6827048
125867
6208257
1770520
2397686
1377846
8641308
1209700
2794228
2637890
5223580
1475937
3867561
873866
2766959
1166607
1771697
1966503
1471770
3754081
1366958
130517
1303989
2992417
772147
8181376
3608379
3818908
2689040
4712080
1575811
5861479
120888
9894810
1627229
1491074
252549
1899015
196729
1273903
7873223
4808416
1383557
3809643
3611238
1968373
6553591
6982818
2912744
1492697
8754795
212375
8118699
422741
9786877
2164720
1320770
3931822
1720249
1627388
7100325
9610275
1335187
1630743
7246825
3433196
5223496
7767173
489345
1789060
1174618
2254516
1989935
8178829
381931
4318147
398821
1870830
1728894
3252015
5747063
2405288
4519453
2832215
2566637
1108119
5218417
4423112
2423001
1793346
2199094
157727
5987172
3610138
3514377
8648012
1838815
3537995
1360497
7227294
9455018
1843524
1802823
3124464
4714682
4378119
1918545
111641
937344
4640511
1744007
2637629
4347397
3932888
1713445
212554
9815848
691981
292813
2685930
2762974
2909918
2206878
7455532
8444208
2185027
2591939
8873876
180803
2275203
4279223
1280634
3977298
1853287
1395286
9534592
3545804
7557104
819757
1632538
2847163
5748855
8960924
115119
3241830
1493030
3478181
2345821
4555412
2802913
7298456
1834561
7240035
1432032
2994924
155258
171931
1723956
3620581
720192
1479348
1962887
1866130
1748970
652368
3638276
2195891
2225147
6264970
110270
8866670
279591
4872811
1806238
2928819
3318854
7242110
1155984
8212731
2900908
6897536
4606178
3308802
3391076
7495964
2151959
6734594
2411306
1223688
2712836
263969
5300939
1196080
6282245
2564016
1637811
1483525
1595734
4851255
3996071
21586
4318205
8306434
846254
2332047
5459107
4381442
3237111
6229612
6173591
9277350
3957746
7364468
8391609
6759589
56407
2574375
5618115
7522672
7830139
1515655
2355430
876076
1273121
2398338
1134470
6252493
1291242
2967482
4699669
9995767
2643639
1793229
2805459
8868327
5565670
231961
1116883
1761210
1249367
6760666
1305381
3595469
3686998
2997221
1572857
518580
460704
1267578
1520923
1400026
8392126
1151344
4475622
1821164
3613863
948142
3831791
1902731
1772283
8349885
6245363
6266479
2407829
1851603
1765664
3442389
9442549
2427180
2258640
1850674
4823346
2236717
6173225
1349507
1247173
2720433
8867992
7345396
1110800
3306322
9654681
1971706
9612939
567858
484665
1695099
3175501
7938099
1933500
3541099
1641651
1994818
3503658
2133847
7344988
2694384
147411
9285627
1458579
3516915
5772292
2426682
1310653
3567642
8795305
2663455
8905672
3199639
5530063
272788
1869310
3792825
5652434
2693962
438596
2507416
2608777
3366383
21888
5212503
2548040
1935559
9702119
1162716
3276780
1404914
6839141
4905397
153650
3812230
2568651
169274
175535
2906559
2887370
142566
2147574
127814
323410
1409029
4510947
918094
1562116
7659391
316165
150084
1569774
1722952
6435027
2698092
3679930
1930126
1387
17277
8132692
1227004
1891789
5713976
1186393
5180936
888956
1930846
6106250
1973649
7239978
2636882
156758
597068
7344822
4635898
5751987
339417
1213691
1659780
174997
2373581
6641468
1140367
4873234
7124518
7168693
2847112
473887
1373979
1566413
4138119
2782225
5119956
2458504
3260625
7350046
6560475
6157068
2967710
667874
667060
1490336
7669092
6215995
436402
1670167
2377245
9609895
5521755
3768649
5576139
2851394
8631434
116994
6401278
6721269
7886205
659851
1777138
4311525
1356183
1261478
1285243
3263150
6202364
720909
1642285
1481396
160235
5299152
9804129
1443942
3450
1365401
6583179
7248514
2920019
7616800
9320030
1331343
3325641
2898244
1609108
4797425
2817617
1407509
1141472
5904264
2235395
2792399
2831466
2702753
7130401
1435988
4591199
1362029
6416953
9418916
9223822
7151039
245713
9910821
3482259
1509907
2774319
9321268
446349
1320723
1121180
5454942
2829536
1119054
4477356
330796
2568176
1182284
7152606
1431771
1551020
1527353
1819702
6977107
4298748
1343838
1924001
2783635
2710536
1322472
6639313
1653590
8849737
2725852
7921985
4648245
8135560
1196400
1722886
6892693
1174576
142251
1494960
1174233
2485578
1577292
2637731
6500912
3172814
343603
4572421
5269528
789584
338782
495851
4416603
7694753
1258989
7252503
2674048
2288856
2683785
2111857
2452488
8472134
1907868
9273903
6610395
1259651
2132146
7944175
537826
3890928
5906014
7279223
143425
4626010
7286040
9328719
1534811
2910729
5149198
39706
3261353
7373293
1556248
3871212
5128784
2630346
4859757
359012
5901873
271492
1188675
8224886
3391631
4717543
123248
1921068
1164389
891194
2818337
1663655
2479383
3301224
2242110
7748612
7951805
1737017
2544396
8404937
2783025
1542572
359334
1112633
1598189
1968347
6841146
7942005
1876020
5976042
5910170
5786893
1500008
26602
579292
4972912
2358869
4304716
2299679
3783652
2321541
1523176
1709706
6345578
6921193
4926208
69371
5579537
6970562
4632050
2139496
4432144
4543929
1183391
1229035
1236648
5367671
5506431
2894523
7994411
3990914
2664377
7232821
410855
7860309
4404615
1614758
6459968
163528
1111255
3210014
8474825
6896123
5752735
1890362
5970094
7268667
5771127
7806229
8373411
4378074
5629828
2483930
1174101
1203926
2687462
7413658
8926118
6840712
3937418
8879717
4603468
2973424
1130990
3137833
234720
4399147
2160631
5879006
4346580
5257043
2693902
1881418
7977860
2610001
7529718
8436308
1652570
1289938
364709
3846881
1569369
1136089
3615151
1884896
1543669
3213210
4749109
4592129
1460328
3911449
9910507
1508243
730855
2212342
171119
8534174
9901761
3236172
6161503
5713503
4213019
3213021
1625026
7582851
2725599
2678138
4602412
4374726
8520200
268130
2320824
2174322
122527
5486909
3659455
2248557
2497009
2708131
6204366
7247776
1370748
9412700
1742345
4361712
4866776
3645868
415827
4722677
1305833
3423810
2995546
1182867
3638927
1749237
1684929
438852
2295068
2546637
3137288
2933969
2569938
2448529
2505019
1235002
1918864
3302829
4969130
4774894
7572037
1966651
1834346
8291154
1240933
2617948
8424951
2647327
4475100
9703095
1322086
8829334
4363043
3714040
9226769
3200681
1740803
1577743
3887550
1736298
3215373
8427999
15048
3165354
5399015
2970529
1580136
2576971
2957226
1756825
1189578
2877737
2506243
1417046
2448918
1637354
1823602
3341155
2864122
8233042
2957900
5344193
420161
2647194
5678
5487709
4969027
3179599
6941787
5712122
2839738
4206979
3518331
848001
5851701
2973944
4463394
1827880
495123
1303470
2329558
1500997
9306877
2285845
3991205
7145898
2105752
5781202
1947434
2931261
1581018
3302324
6457917
1531757
1692760
1271723
8672537
5701428
2711593
4498202
2429553
3400079
4311056
1804689
5833747
1755859
45978
6233366
160554
2736272
3374633
1848347
5812219
8758329
5409102
5189065
1997135
5740415
3867205
1981795
8607799
361837
474386
2217474
4360463
1286807
6920041
3230615
565315
1860476
1846006
6518830
4262789
6672125
1716328
9564008
4872802
1558221
5180111
1604938
8237554
1736204
2244829
6873045
5505745
1482024
5515150
5750990
2634760
3746292
5773612
2442388
5601953
3798780
3576102
8164131
7908378
950896
4611582
112275
1785576
6929724
2484569
2414908
8439456
1281878
1848608
220101
6652099
7786127
1284559
1530228
4345102
5830765
2548782
1475686
1759648
3166950
5829334
2611507
28057
7405641
9938843
4880331
3452486
1165991
1410476
4859729
4837502
6148643
239767
2650896
1132601
2307286
6691371
2910783
3442455
5703000
2318188
4609397
1654998
9446391
143488
3687101
1162626
1725084
6972576
2875292
1884510
2449248
1943090
5148844
789395
1881835
845006
1908251
5533479
1959405
1890328
684023
1469373
1291840
1861086
98649
3891088
1901081
2952104
1274939
1554201
2822974
6381780
1994148
1103492
2303479
3774470
4409745
3421523
2748548
2857765
2562705
1970035
8683167
6127484
3721514
5784803
3352337
1355632
5843388
2432046
7822544
1225195
1312638
2594658
1419363
3747929
3523072
2606066
6157698
1636484
2846623
2721165
1699805
2821900
5258926
3357680
3681201
334375
1914742
5849645
8140244
1622852
6449679
4349671
4520061
2213594
6488986
1950377
4530328
3709373
2214090
1381300
1498144
1104514
1789359
1433270
5755428
4609951
36031
4911054
2942897
123847
6159442
5313435
9792593
3163760
4210409
8306525
1610942
3394364
1589209
3553962
6453338
2260461
6732894
9554393
1497429
1350212
8483249
9143868
9969095
8827994
1966857
988854
2933612
4652468
1550018
2419887
2195652
7278900
2868086
38346
8888701
1563814
339882
1459908
151379
4450918
8192882
221988
5821477
7232612
7800756
1361590
1434075
1453860
3695055
1866787
1519324
4641955
4333867
3572794
7603775
1689720
1862767
1628396
9591886
5418029
3296476
2727066
1840550
5642843
1628611
3825455
361936
1749050
1885660
5294289
1500079
2549656
9471958
1653283
6618050
828614
1318868
7111200
1926802
1736569
3931819
456356
9714508
1900299
3188500
3816745
3158488
1841827
8757434
1300984
240269
7377601
2388227
4577965
3297119
2205364
168106
4121385
8961922
2967674
3467497
3106170
1366626
1498091
1180910
2738420
1425124
4880689
8287754
3695848
2165667
1722154
4562239
1959913
4251129
3502511
1336196
122912
7403715
2917177
1576712
8299828
1670749
1857378
297199
5251212
8572410
4332414
3903892
7138543
9763591
1671568
1922085
5664289
8179830
8169151
6484239
4709817
1395676
1129346
1609146
4711838
7495398
3203544
1198230
5135761
1772872
1751979
6785548
58254
6183891
2116046
1541218
7891594
1533536
1391876
112333
3908422
1890189
2665023
1969947
7674179
7101377
951466
3483942
1969878
5766900
3106003
2629600
544421
1370581
550251
132624
7202173
4481779
5921375
4114833
5247610
3269965
145254
6336061
1267556
1172663
8901241
4255811
7474429
1980292
1534635
9146163
3462272
282471
1672729
1561650
7561093
3915683
9723585
4203680
2272329
54884
1225441
2405177
1523765
6139800
1943367
9256219
1216944
4501355
8548252
5390327
3367743
2108194
4854392
2440564
2716730
1912733
3986101
1940255
4510303
4146394
1534631
2588194
6709394
6372359
263474
1697787
1780570
2827745
1923050
1241257
7556071
1849930
1276616
2362750
8660835
9578837
3264309
4463277
3172409
8874188
1686455
1269432
3505523
5139862
8363266
2949953
5742443
9520795
1706110
1852199
1176694
488265
1592112
1203596
7540537
3623723
581099
1631889
5854326
2460710
3202320
3455124
5139756
6943851
1737962
4662664
2934131
2993909
7552567
1231202
4962073
3265381
3570296
3959229
6676707
5267563
2309839
2182170
4173781
4167337
2949384
260004
199531
3834322
6193625
3352590
466697
9837612
1211458
2601103
5345819
4693153
1653212
1414097
4373984
1757176
4800001
4430962
4171315
4679657
3228199
1435529
7444186
5828664
1410599
3793872
2655236
4776448
2278267
5608141
1352558
1380648
4871030
9473218
2605052
177030
9124178
1586231
4307079
2459648
1345041
220374
2598645
6967671
8413928
2349123
1175738
5782807
2823044
975814
932633
1759917
3610041
2154157
2487153
1132737
2188285
1155562
2175970
1239770
5620574
570001
1203830
3562899
1911373
4955261
1148880
5528270
1910952
6288948
1567288
2275164
6814900
6886223
4264193
1739714
7327412
1560775
2843425
2612046
5637359
1650207
1980184
8839228
3778458
1736683
2673377
3166046
8381404
9384628
389372
1480424
2144800
6716557
1631924
1206648
190062
230051
3325261
5501721
6549180
260391
6852819
1293124
4800042
7663002
139915
2915308
5121872
3347693
132075
1810646
3258809
5524173
3648557
3386909
4665711
6173716
2846776
5260091
5185310
1345609
3367314
5788170
1712345
1864720
1502624
1687218
4711879
3162148
8695431
6106976
1188160
2935136
7914244
243304
9951952
1834126
2496594
4745919
2115268
9155057
3532364
6981522
1255368
8246083
1287725
547993
1281640
4600057
5276327
28665
3197352
1199401
5987680
2566153
1164263
1945719
6145769
3666073
4223893
5890994
2392461
2724454
1950859
7820738
2573709
344228
193015
1981356
3307544
1749041
3499432
2782995
3669614
1335037
1533607
3869916
5170593
6371902
9511012
1368845
3717945
1818325
1794787
1487607
1381178
746044
2672058
2135120
1285911
122731
2672013
2374969
1142700
2319683
2645420
1703313
960762
1204876
259820
6832675
2144902
1611785
2541939
2286112
6385305
4562355
3362919
3133857
2365444
2869217
5503866
1494286
2477711
3933722
1766036
9673676
7613716
2171785
378772
2100014
158049
854450
5123941
1994361
2823856
8783865
1690707
345415
4803378
6529279
3959341
4157697
3226437
5824719
3670706
1472143
2550328
1921866
1433878
5850208
8469750
4179469
1467253
5906916
1414195
1780662
1291356
8663619
1524322
4653103
2467857
1401984
9827311
3169393
1726418
9661375
4651275
1679157
1704878
6207322
1206071
4994935
990706
8703821
5558633
8949818
4689847
1726734
8612222
8896816
1264647
1424556
6158491
2680774
1119809
6847055
5770695
1430543
8669535
5218686
3869701
7101145
4947289
6382879
435785
2655178
3443843
1276604
2110328
2768541
1600474
2631967
2125382
2669267
2792670
8511656
1904525
9463812
6746232
1558566
150646
187131
924771
3810619
2563789
1797714
1940461
1858351
3224971
3379361
1521388
3506104
787009
3972617
3222758
1835480
3479497
1759963
2326317
4499081
5309578
8957459
1265585
6712786
7292709
2106507
1213429
7178159
3731311
2876087
848438
1897087
8440730
5407965
3282911
172923
1359847
6962013
1310641
2718904
1338338
1107360
2186213
2983909
163051
1970457
2378780
1436655
1992463
1521675
1468395
1377760
196963
3432952
9326341
8508609
1852588
6391899
4476612
8674468
3496675
1755623
234613
3268547
1529963
1882978
2809440
5189018
3920620
272382
1347712
1883086
3504608
170831
8854600
5262496
974886
1933607
2643102
2903867
2907331
3874365
1102088
1596813
5653892
4349998
4773656
5196685
3426638
1386840
3604124
6759314
198336
5378407
1266022
2995693
1316895
2407399
4720852
1791369
2504135
1757197
2401673
3179275
7215464
7956937
9775653
1417538
1946976
5492299
9308677
3987531
2209967
3882119
2934459
5870405
1911202
421579
730303
167690
2814334
1655142
1779352
2166771
157347
6476643
6964850
2565575
8472241
2634758
1308951
2350829
7989594
6514420
2660175
3229491
2874266
7163004
4312082
5818890
1554678
2332887
5253195
163042
4195336
1759805
1188748
369468
356905
1126980
2312724
648606
8513916
1281903
6425314
5857067
1447613
571483
2211780
2408734
3657917
3419217
4645380
6890248
4541758
3400792
1700827
2162941
2653886
7101697
277866
1607400
2859623
2312603
3462857
1727887
3919757
213515
2723309
557635
3103939
3278128
6740807
1138068
4785805
3584020
2472857
153498
1613353
3220925
2882324
3549624
1251879
6104667
9557013
2828808
9358009
3762222
9292917
3881732
1903077
2510767
1212372
6505321
47192
6610814
6129003
6505461
4884627
1657809
4286687
6366779
3157729
764015
3928068
6147218
2746167
1984924
1535636
688899
1413070
1271555
2668695
1284840
548614
1420436
1795933
7562621
182718
93258
2295549
7292817
1700531
1758188
1155071
167201
1555028
262303
2383924
3553497
2743877
283038
2781461
3476964
2123550
9457245
1534648
1708196
5255294
9277988
1973860
9855990
3269326
2977729
5809924
544919
2885594
1355474
2761184
3123408
6394211
5128681
7804843
2824063
3375806
1634151
2965090
2544090
1240600
1695017
5144949
6904944
4787271
5195528
4397025
1422723
2481751
7770239
3803664
5650391
2886858
6756224
7936636
4899551
2572386
1379673
2897608
691734
2848187
592666
283163
3389283
1731751
2253773
2722766
1690195
3716101
1158519
3894173
2335143
5127347
9984856
2932782
1808971
4346188
5502700
2194313
1115039
9182383
6334120
164993
2690330
8566386
4150191
8532252
9910988
2820796
7332670
9919246
3137031
4142386
2823153
1479000
1737832
1218118
4847975
7621516
9119936
9514866
2261628
1885875
1283736
1939878
8303710
3985582
8482338
8345871
6296396
1543742
2295159
5710505
3887117
1303703
4235642
4275669
5110308
3632089
2490756
1953685
3249861
1768431
1553778
1883855
1131663
579691
2117263
4720464
7972693
3706836
430469
4715900
3137684
3301921
1610230
4380842
1978604
557525
485448
8711048
3197135
1132129
4795781
2338702
4212634
6392006
1746356
4687487
3924807
8573866
5912575
7845476
2766947
3832604
2628555
9889065
5594814
3372464
4575395
1380112
2149628
590002
1791446
4893844
8570890
1272690
3395869
3930815
2795741
7813642
1221661
54538
2938767
560286
5327700
4286270
1686283
1215561
1677086
2322622
1286382
6218272
1383617
1662964
8490120
1993775
1894601
9709973
381755
8124553
2111374
1543989
7576863
2376441
1470945
141752
8147738
1656040
1479029
2233560
3883290
5599509
3304414
9330590
236192
9726885
471689
1444613
1612462
7476217
894946
8449490
1624331
29028
2123035
240441
1756310
2151137
3365285
3317249
1753598
5360478
1427901
3985454
2800628
8119340
8955673
9221525
2491851
3655758
1100347
5263222
6983211
368950
7232985
2732481
270831
1100104
1919296
8222809
1457049
6611324
5271503
4413209
7352277
1579108
1960279
1649772
3531481
1657941
2454836
8430068
1574549
1989800
1169097
1373418
1830044
2993710
2582955
7639287
2902212
1133201
1714117
1902538
1703362
8199373
7327576
1265435
1614054
5952406
2848812
9196054
6521700
27779
1169453
7276292
4693959
5823806
2999538
2625740
916406
5381387
1109780
1216652
5946707
1211645
3610819
4307176
2194547
4362796
1646556
2824217
3488375
3875553
1520421
4135677
6965485
6498314
2774127
6384706
1567246
3611919
8381061
934256
7913144
1669742
3694992
824220
5207375
1302791
1856218
4634515
288974
8392188
1966548
5828977
4283822
8296456
1979171
8938050
3483751
8826661
1544343
1826480
2970912
6840700
1398260
15380
1745579
8250802
1757082
1521006
3249481
1751081
8557154
2777848
7108884
2216741
2738281
9535186
3834477
5914499
3804025
151368
4285157
4968560
3793775
1558124
2832432
3258312
178945
2829939
7505942
6666665
6183082
3573937
1581047
243256
6804664
1789079
1953393
1981700
2912037
4377171
3719040
5337571
1946538
1678477
7147427
1489048
1522353
1744239
1951205
629943
2742408
1733945
125448
3392337
1498535
3285225
3846654
1168108
7717188
8351423
7574491
5905680
2774486
6265963
4187766
3764914
2995494
8917427
9475134
3882039
1241977
3931922
5871495
1590162
1445482
3522364
9804182
4355225
4702090
5136119
4527652
2737594
2342141
5348779
4425008
5877627
3859317
1999351
1404225
3988942
8277542
2818259
9193967
2958169
4531110
7593355
2750002
6480209
3546896
2741366
3428235
2392730
4930788
2806572
6552961
323018
2561825
5482128
1131328
2110757
3137655
1188837
1741394
2353011
4958435
2980773
1488217
1527130
1823908
3897035
2873073
2133905
1222807
5806576
128820
1410039
2141603
1975503
3659810
9920987
4188352
1169889
3991684
178170
5556234
1864657
1757549
6303936
254116
1425561
1763703
1522985
2439304
3124020
1533081
1908783
3470118
7897746
3700726
1679204
5297607
1610952
2642186
3576540
3828868
2271544
1107720
5104382
1323003
3794569
3142083
1685916
5547396
1584989
1596603
1217845
1900873
2972630
1458963
7614727
9269225
2829927
1973937
4792822
5996292
2637787
2245518
2108592
5351958
1108264
2560367
4612402
9520745
1352640
2633601
4962584
3241787
6423330
4171591
3679186
2909889
3121132
1681644
1181082
2207204
3986152
6297456
5239699
6966529
9904775
5789410
3998117
1199289
9745257
7236532
2825257
1539025
1508001
2507118
3694345
2591068
8369115
5743788
5657544
6370211
1838053
420533
1398044
4559147
6998394
376235
1349111
8680876
735589
2132762
3425438
526992
382610
2330221
1712283
2979003
1120626
2319012
3518573
5478967
1817951
1936906
9676029
2877768
5294817
1688880
2430345
4146072
1572484
1982528
482465
4146550
2847089
1838544
1280449
5215304
4743504
5842541
5275387
5149681
4273123
6524328
4677322
9715219
245112
6435809
1335058
8699109
2537536
2826784
4928355
3214421
232126
1235574
4922084
2357350
5627253
2209155
236556
4500221
9465499
3936634
317979
9682171
1183185
1868955
3247144
5987057
260778
7577651
2303734
7703111
2797387
1736283
7973741
2328618
4173744
9534103
2950347
1925692
526335
1280895
9993344
2551034
6225397
2263061
3741167
122661
2221681
1102269
5414418
2833792
2270588
9113074
2404601
1232038
3355488
4195582
9964430
7215558
7700717
1567914
6855948
5781971
836278
8152059
1932484
7680980
5389318
1212656
4804587
3460513
1168911
3786888
7588497
3160211
3466989
4674936
8466588
1516207
8552561
2158878
2668448
4413961
3330588
9898428
1287413
5956700
6903440
1991226
9618100
7180651
1521295
2819192
1351716
1167313
2881307
1539372
594212
9469671
2570342
4967030
1298382
8315058
1344258
2280686
1929814
4802273
4759683
3314761
157743
2660271
1203691
1601605
3103822
1545785
1641338
268616
5394449
1800929
6166271
4685788
2887607
538464
3220096
1381973
2305124
9274323
7614329
27640
1730454
316259
2173621
2952573
4585500
3205811
3511873
1950926
9596640
3415773
370558
1644557
3739549
5185207
8616733
1908428
1444387
1883904
5828619
934242
6314010
1978451
3122329
8741421
2251807
1300581
1565185
1533974
2361304
5132820
9974585
1949797
2718660
1664485
1325341
2348573
1281856
4101513
5763963
3975636
1979453
2994714
2909773
1183727
4186131
6944666
311034
2166601
166065
5689258
3781889
144134
555452
497609
2915007
2502376
9664915
1216430
3835758
1842816
8127584
3274922
1350256
3735728
2702199
3862174
3920276
2296832
8118101
2295042
245664
13743
1576286
5679753
2883371
2625498
7866323
1807611
1842995
230055
2898958
1482849
1377833
328826
1205269
115876
1916052
1772976
2294885
1787045
8648947
5622558
1707345
1247557
4120669
9756971
3482402
2849724
1539663
1547
152525
1479026
1608979
5855591
6786381
6102247
3837497
3632602
1900555
6623994
1812920
5750926
320393
3522887
2523451
185066
7526353
9147752
1181717
4686109
3279644
3616619
1820840
2592306
1101022
7807744
6114731
158137
1719292
464341
2537455
1346862
2505280
2357450
5464864
2928430
4831833
1694735
7575095
2598837
3376362
9606143
4749526
2674444
9931671
7581840
613526
4598105
3734465
4636240
7771907
2516606
1172099
1104130
3212814
2548410
3834511
1951975
6487290
3443310
9186856
2295558
3128880
482442
2209738
3360553
3485937
1623400
4298325
1428650
5877327
2614203
557840
4385823
8677880
9248616
1478066
515990
4754600
2260344
1840133
6357366
4714850
3565363
2361454
6361616
1163023
229750
1648149
1688148
3138357
2325315
4553521
6237098
2858598
1320682
1561015
3493818
3254193
1218327
433017
4473259
57666
487683
2319063
7813341
2791773
7887268
5570774
3992416
1575732
5487645
1596334
2737510
3507823
1658154
3700616
1927720
5690668
9141630
8214609
1570289
2452017
132861
1315546
3780280
2249342
2550051
191780
5714125
8651635
1461192
1995157
5221639
1328740
1255382
1219565
1743137
4727426
244815
2293594
1222664
119951
196356
5406622
1357916
516783
7363630
266807
1245255
6186749
1641552
5828415
1304131
1173333
9151651
7486300
2398338
6900352
4175876
6526474
3710357
139894
2628786
3703746
349261
5147592
5430099
7758866
168056
1955247
1853023
1791983
1406998
1713962
535788
8844121
163839
3282606
2811002
5131888
3429883
9145312
4926005
1624316
169783
8518863
1174087
1518902
274858
1786717
1246314
1539764
152110
4137592
7945444
8873807
2688221
1106169
46830
3703094
1448387
4349590
6698864
2381382
7753319
1298837
2778076
2467395
353659
9749499
194012
1198323
2276697
1752082
5813152
2158702
1390999
7487364
7873220
2135367
7710686
3317626
4979386
5631309
8965883
2760682
9621420
1458904
5568392
2847088
8577931
1755630
9589702
3254790
8522720
2743308
1406263
3346405
1714182
8439870
6378917
3102467
1987399
5599900
5149081
2311484
2983952
2915180
2527437
1251618
8142293
1431594
5469848
46806
6316720
2375349
576825
1488480
1544031
4394283
3932859
946264
1315703
1914703
1313381
1369306
1231945
7479757
2812804
4262517
3516472
3770583
1863053
1908034
5948514
1146287
2821998
1606217
1583193
1500953
1318479
2755050
1205629
1547014
3933882
5890252
6938930
1566672
2915579
3842628
6245168
5706347
4509580
7220304
2614182
3613733
394755
431716
3750693
5914176
1753286
6938152
752389
1502100
5383122
2982854
3384395
125020
496580
541978
4259939
1823045
1126251
1788427
1944170
5412236
2953520
1782892
5459020
4323689
2608486
5384305
8725009
2174026
1676149
315204
191795
1903104
7659843
8985001
3690433
3202301
3447974
5586363
4773817
2684768
5566255
1386258
77531
180404
1278452
2705435
110826
2643376
2580522
1531453
7207197
2887882
2128586
9926913
486592
7422411
7632730
1945155
1648310
2964861
3265696
5576021
2518969
1964110
9241861
3514308
3816092
2610388
1491437
4838881
2318481
1408013
4234320
4601027
4753718
876141
6728463
8750037
158544
1874533
6161137
1798606
391151
2198452
1845807
3311288
2191273
7224094
2282285
876233
8420705
5302929
2595047
3265826
1886356
3562692
2209398
4833044
1279282
1121090
397447
3280061
4304382
6452116
4977334
1330942
2162628
119970
2576231
3305209
2575966
9205874
8859222
175470
6412418
2736795
1502005
2324160
8255573
9813550
4781625
3112094
3711629
154406
2238086
2225161
1328933
9839548
1859114
1818696
7591257
2512506
2307741
4511529
1703375
5999844
114615
3896911
1699400
1548601
3135361
1514696
5867227
5776454
1787175
3222520
1142889
1877205
4126753
1838334
2834038
2936628
7601119
6500732
2443514
2343374
9959408
6457872
2671131
4611743
197387
3392889
3858892
4807010
3208872
2677849
3243535
1345629
1196951
690530
2317721
6413878
386808
1499944
1683865
2881755
1916946
1788711
1222764
2204106
1934086
7367573
7957793
3780314
9595322
2919799
2402802
2146924
2374246
2234710
299523
2997875
2260616
3170570
2439898
9810274
4862704
1368462
1301730
8364023
1379521
2580084
6720882
3383086
3761559
3345205
2960783
6700864
6480984
1885247
4691830
3276999
8217045
7571834
6372612
1320463
8376190
9346488
69040
355576
2472691
1338090
1179661
2609542
2250599
1848237
5273485
1785177
2690939
2973926
1918165
9901725
290314
1307995
2146601
238071
3215057
6828759
1126094
2445334
9251812
2925052
9479676
3801743
1688439
3508228
1665577
1834918
2256521
4120844
1295651
1213104
2919716
4364683
1484993
2886832
158491
5568148
4157415
7128217
1574031
3901426
1942521
1630725
4473559
1140470
6682581
4944931
1141722
4445708
4665446
1694811
4372353
949062
373172
2499326
3442069
1342921
1946718
1826155
8251524
1800659
2345713
2954602
4643796
163070
1601754
2564521
4426369
424337
2954207
1674443
1884509
1374062
4156803
5526184
2824623
2485162
1830388
4992383
4912134
4265228
4132361
1498359
925101
2723104
3745559
58681
695994
2586856
3653365
9210836
1608154
1231622
331451
5897784
8948359
1494290
2811478
3359131
926319
1437586
6636818
3947595
5907448
3784751
7214759
6137265
4160588
1360941
88384
9484395
4662600
8619922
3860598
3918775
1442566
5836997
1771978
1661465
5886278
3363277
9676669
1655012
3711774
9473063
9419435
1450792
1479869
1802644
4831599
7761821
4933848
515796
2498086
367244
6332841
2232471
14406
2377034
1150387
3225084
128634
8549245
1336279
2722079
2721058
1784112
3407454
4509828
5144737
1419983
7770789
2604071
1151432
7271435
2965036
3609815
3101850
5218443
3950136
1729060
1302830
4777011
1500913
6560773
1131945
2373167
2490450
9214282
1381499
1459894
1133579
3424313
3418108
127235
175619
574041
2214848
1924806
1823543
1617912
445045
5279002
3257923
5369052
1717959
3961349
3763049
3304361
1920665
4308492
6897487
4370941
3940064
9583077
3774798
9213461
1130171
7830396
2641648
1360192
438696
1418954
1981254
1536913
4971527
2971636
7591
1126171
1549886
1298641
3602328
1519145
3854317
6267879
2325016
3522504
9721422
5881900
6167830
1305367
297645
132920
2624698
2702846
9637680
1513068
4210383
2401951
6687588
5827471
1655496
1642823
8865167
2929147
1678910
227020
2642292
8763404
2794654
9947689
1933490
7568381
3784360
9515933
1566577
5954282
4349117
2926987
1136083
144525
4988192
4649275
2866653
1491891
5539739
1100567
1985033
8761869
2844300
1393364
7988374
1293013
383685
220417
1764268
9466824
7918035
3667854
3707353
2918052
5502039
6780064
2225453
5558120
9615561
6644712
298911
5690854
2404801
1723251
85126
1921776
2575441
5255775
3924772
139689
178186
9143914
696721
2327615
3771245
1753226
2331763
428993
2711214
7868606
4845297
6154191
5666119
4651224
1148698
5385323
863333
792284
7375169
7712475
8745506
6414774
1573402
4350397
1348107
3333822
4989453
6767162
2669235
3381805
692128
3702644
1433571
1225313
1894229
1528048
8788561
4945749
2625901
2875508
1599441
3561195
1224241
2615163
2330304
8816609
1799581
1218997
124734
1641046
1704316
2206413
1288967
2404402
5285918
8714430
1469743
2996712
4404027
1180824
5570836
2506038
3818479
1622470
1971859
121584
3674800
2345815
3893030
1319013
1304381
219506
5642479
7426004
6564620
792631
2928535
6905471
1612530
1203590
8964925
2316059
3210432
2219259
487116
469972
1104025
9216984
7476652
1235881
4892869
1803440
3872731
1759749
3693893
4480509
491655
6773665
842651
1171757
3246884
181126
2575686
8872303
1318786
2303281
6574051
956938
1453726
8658531
1523655
6708185
2766078
2273809
1690079
1960650
6216864
3803
1502748
4565732
1330324
7817347
3734292
1720059
1840209
2854687
2563218
8225289
3713626
1752719
4130884
8825103
1491914
128337
3849845
1719506
2255646
1902039
2520433
2315213
6725615
945662
613354
1337119
4587517
4821935
864321
6554688
375395
2198436
1911037
6367134
3280779
3993501
4653630
1814874
1928529
4470657
2752240
1694095
143018
1223627
2118870
2930064
5993156
2428928
1102029
8954225
9608954
2320440
4844937
1938050
1699351
3978064
1722625
1612929
6953412
4326754
5134441
1428027
1249380
2174907
2341445
8180640
3567824
3933201
3902842
1289872
4415463
1453125
1670729
3550876
9794171
1503716
7118255
6774846
1617617
1387065
7740132
2994558
1512205
5243088
1214137
7940097
5865411
2191760
1125502
2169018
1677662
1914473
5255216
2268516
8397919
1208543
7752884
9350066
1469009
6655076
1919254
9640021
1892544
4373119
2711784
3821113
3560720
8934099
5737577
4965742
8177337
217612
1992078
1694443
8153009
3627601
4462188
7421034
5402729
1517599
5932522
3959487
7517658
1482439
2122899
7403071
2370890
7769041
1377167
8190807
290233
2204705
1273127
2154854
3185612
2432393
7459391
1439073
486492
2944111
3124873
1480303
3999752
3441520
4267280
4896991
1741365
216187
3935639
5951315
3199836
2341411
1877930
1556478
8618873
5690158
2569337
2393857
2277726
1686292
1593378
1940324
1960802
5960192
3277404
2629687
4244265
1724942
6967301
5597760
2885720
367579
7489309
5449561
7736235
335872
8952516
2853292
7856180
7390113
5468673
5654525
1919621
179291
4266301
4833627
1359095
4400242
1731315
2833953
3201786
2676147
2746422
9410576
1279053
3463227
473686
5372282
7496734
2690129
2747433
1295801
1643119
7758293
3788116
1775347
4985132
4987641
54242
6390272
144232
1182028
3702036
2377790
1504278
3417654
1661931
2327430
2417341
232051
6831732
3881961
8760577
3953910
6529785
4653246
148690
8342403
252992
7435317
23624
9614573
2105623
8351548
8619377
3786473
2736224
1175424
2242352
1591281
748542
1797426
1850341
5283091
9997827
2675976
2608111
1270431
5316352
1199881
8105146
1449440
7127334
6365480
1839009
2939406
2867736
4480456
2828265
441417
1797297
7627780
3789399
1596206
3808672
3857891
2976696
5375465
4501341
1675235
1339990
9318959
95205
7686103
7972647
7881058
2508975
918858
6827930
2656537
1419913
2388850
1669573
5712764
3846534
3524380
2995578
4904095
3434524
1501100
590821
2970239
1910123
3312039
3967222
1309096
4838957
1461505
6700163
1146478
1824662
6921035
3729240
3463918
9196192
6534064
2263461
2906378
2514387
4468030
7643964
291313
45979
3849446
5345057
9253227
2283576
1155759
4333595
2774175
4844445
9401509
4794657
2177595
4305181
1445723
3484124
4486987
5639051
2950943
1703993
4502636
2167433
9466501
1356863
5601755
3214518
160992
5519156
2562580
818452
7797486
1497613
17537
9106375
287360
9320542
3956971
4635456
7528609
6444161
1246524
374921
3189137
1571395
1255403
4355469
1792285
1383117
4528669
4998428
4363050
178122
5797434
1527422
7442561
3675063
2725026
5633408
6879284
3698818
8956687
2496771
1275147
1418312
5667658
3622712
8584989
5337969
345566
2246395
287135
137644
3727892
1270700
3755592
1566735
8385689
835366
2509886
2493367
2484117
1298689
233817
1755463
1350853
1663266
524880
2178462
1137563
8508159
9242580
5416001
2293849
99100
468553
9129236
85880
1507639
2257600
4258301
3560449
5848254
7186645
1429570
3170146
8238071
2771865
7122384
1948094
2401007
2889634
4423991
1518321
5739940
5214424
4201281
3220959
3624540
4348408
6364145
1785950
2709817
1445650
7212681
1619692
7911897
688133
716002
1835900
3435389
1901309
27334
1769211
1888824
6624305
6442090
1205262
1679159
1464104
118776
3546238
1548655
1566457
2571253
1539240
5822280
2332156
9423918
3185675
8343404
4850180
3319241
2825360
1769755
2418872
3753257
2373095
3546380
3543423
7829364
8537777
2626589
4834076
4173527
3696272
2212215
4547833
213358
2619033
7868375
3893932
9287992
1488188
1518560
3667405
891179
166593
4857569
2288202
8487756
1189590
639946
1846611
5177997
1976995
1295311
2835125
2845456
343444
194940
4691565
1771444
2108204
7334411
1964930
3250910
636811
2554760
1194707
6837871
3313870
455418
5711512
1631566
343144
1699751
1515913
1898001
2915583
1877128
6815740
2883605
4599782
5348988
1179145
1477040
8587430
2393099
2900552
1102273
4700999
3484558
2675497
1616595
3881685
1605788
5317207
4494052
182613
8795472
8258466
8446239
1247331
1629522
3224030
913895
182671
7226853
1907358
3219613
2819214
1719130
793817
1846162
2266814
3660004
1714920
2444786
1906552
4767600
7313137
4416954
2230464
26611
1116503
4723670
9633879
7401534
2961213
5600882
1852449
1558760
1175485
417011
1235589
2991322
4223568
3960961
2400404
9654282
1633464
8758811
5282601
9916209
8487459
1243604
8994192
2504461
2822614
1891658
1876362
6927267
4615814
2561268
1556854
9612593
5216636
9514173
3350875
2476789
3534359
6781449
4519118
189284
2910843
4575850
1687265
5632094
3650296
5991256
4307393
9526832
7257835
184431
1788123
4277704
1186231
1894384
4937876
1857388
131429
853657
3340245
3549686
1344450
2884853
1839234
1662927
1983031
7872392
5864490
2412430
5138269
8470903
5364684
2536228
288285
3935588
5755476
8489444
2195878
8890336
2681152
6842796
1593601
1220749
3365729
1841800
2282493
1115962
7914889
1857404
2145229
2891042
3759009
8422786
1306341
3758395
4117368
2950599
6280906
2309964
1845826
1930525
5626039
1945436
6908815
1118597
9874176
3950326
931062
6561735
3154098
9911849
4325627
3913653
1425551
2397781
6254562
2124670
2653280
2520940
5189715
5420099
2913208
3110952
250635
1147487
7623637
8148834
2682813
198437
4966113
2962570
348855
2190117
6481919
7664672
5957710
4478798
2442729
9123868
4538309
1458507
7779193
8668199
2523914
7368249
6198412
3602731
7248904
4823293
3901251
3720788
3605446
2278290
7303505
9754295
1772423
1175400
1664483
2768881
2498363
2192094
2260057
1472347
2505704
481491
134592
7504609
9554601
5966040
9214996
1645852
7177140
7598489
8214999
3859044
6756352
6634978
1101520
687498
2371603
1857029
1351852
5336174
1649742
1471143
3524696
643988
1555308
1533996
1870330
9854543
6911340
2564005
7946374
1950070
4600394
2130929
6406199
7161686
4295141
7844782
1153928
7989071
3417747
8101657
5870097
2453631
9664253
9427128
1900865
6806073
1590986
134931
3638102
188248
3418259
5314269
1464687
8434224
6175738
5971763
2487006
299477
5386093
9760710
2255437
1667440
1603031
2318820
2723843
1189482
5339574
8152833
5963078
8580229
1619329
4246397
2991207
7194635
2593237
4571957
1300732
1357093
5975796
1597180
3216241
1539905
4794392
2589230
2529781
2558541
4385970
3788251
6400871
3559280
1379617
5598109
5672123
44299
7326677
3155162
7158657
2830957
1399470
1890154
3904301
9493973
8549877
178557
1758772
1238637
3442266
4760907
9377663
4691911
1370520
3518335
8615614
1178476
1981196
1562924
3345192
2361681
1219057
2766479
5381002
321231
7596154
1961748
4932778
2442300
3548430
4813937
3474086
1232834
1730065
2661377
5858285
2209203
638335
8841589
1146995
1690708
2341656
2485254
7564388
671682
1133356
1499580
1666926
2895103
4558305
2397876
3421217
9240471
6285881
224351
1893680
9108243
1101968
8388599
2882768
3207849
2133676
9194794
7674733
1466252
177416
1999254
7102572
3276780
4440230
2193472
5877598
3626989
1912814
2948877
2196535
8893345
1542094
2538570
1103190
2310417
1882384
836203
4723491
1414014
1664489
1219705
1708350
1832940
4194789
66960
988002
1587763
4546795
3144534
1529773
1817096
139617
3269468
167153
4425130
8632150
1816262
1820103
2392692
1500657
1261070
5520705
3212000
7627722
1966788
1105572
598356
6253149
1759593
3109311
2316198
9573647
7795745
2155077
4309971
4881952
2735967
3919979
1468305
3673792
1680958
342222
2417986
1169642
1672720
5714327
1700062
3124024
7582201
7429392
1734552
1722872
3518320
2424181
2456068
1506961
6619044
1308600
7893507
5779439
5117162
1222453
6566595
2542990
4468396
2543482
1529622
1314132
1957146
2744195
4398202
3583351
3207815
1919414
1401997
1231482
1346061
6343816
2452532
4551076
2696193
6362412
332148
3928846
4403702
1949593
2449336
6419324
5957525
6165930
1662446
120542
194323
3976241
156208
1789464
4381283
1715262
1294973
1938491
2622358
5262014
919656
4432835
4105225
8929941
2560700
4578643
5662292
6791610
1702493
3457526
112239
1368354
3256128
2539616
4411439
1439533
7790942
6923336
2250447
1166003
8549324
7627143
1930148
2384879
1208650
833595
465606
3332117
2426265
6127413
227602
1372370
5634175
2436556
3111842
4317793
121560
3388248
1250831
1684850
1289942
1116504
3723494
325764
1211136
1130203
1704450
8350985
1257493
2850663
1873442
2500160
3643053
9248498
5798374
3175998
1824903
1969774
116282
3240698
1662700
1301344
1150731
1360783
7957389
2173455
1941989
5322154
1589020
1443450
1303099
1661192
2870950
3315934
7711486
1281942
2112548
4923923
5587152
2464951
1656866
1218108
617012
8666417
1182701
2985531
8597723
1481456
8415022
2958701
4765912
2455021
8836738
2425066
1778129
1217426
1772484
3821781
3651624
7737553
2454609
6827320
1996249
1896230
74239
1298607
3127855
1627979
9178130
3890112
4499358
7409087
1616253
1121518
819504
3944839
2148273
3194502
2981738
597780
4232454
1583480
6330824
2908215
6854962
3616092
1818348
5667927
2606373
6323806
8301044
1861385
8868246
3503702
3666159
8876119
3715606
3662391
158445
5914475
1995283
1869194
5792984
4556831
1981874
1414226
7982312
4379519
828053
9630713
333538
9250667
5388337
1479424
3836554
2655915
4985576
261624
2433136
7764171
9769688
8263837
561021
1233750
278487
1794663
3235072
3166633
1672112
1534399
9547976
2700785
2879357
1241961
4123786
3611148
1484260
1558402
167916
2744857
149949
1799572
5970164
1756825
1748678
3398344
744125
1137866
3492622
7932107
1536996
2328900
361380
1930582
6399722
1746526
3734033
1991013
2228967
6125866
4248903
1101978
1109934
982622
97724
3970881
7875617
1689770
1881789
5353390
4936904
1119646
4955256
2954091
5449970
1421770
6195950
7560213
2414785
4963345
1373584
8630186
6818959
3648554
5468560
6306428
4750055
499028
7729986
3627457
1509001
7740743
1131166
4606407
1118660
2599345
4285203
7232207
7864529
4901207
8147351
432247
3566252
1790558
8113347
1728307
4507809
4994882
1268453
13295
183509
2968401
4958256
294901
2536825
2954616
1717233
3584166
5383009
3366286
2827442
5206467
1871073
2637524
9695800
4184345
1711834
1299617
224744
259514
4200685
1830049
771109
586408
5919977
4373699
1129449
2755157
165387
729221
1133441
1229012
718062
392733
3850543
1819339
5827273
1354700
7140124
463371
258895
1641523
6139251
4114686
2211908
783035
8168077
1182488
4597424
2670216
4583666
5764531
4704851
969415
2429540
4569681
3903117
7652836
7268460
3779719
1247926
3105686
447058
9433696
3217495
4763633
8335510
1755141
1918338
3183239
1490752
2747831
262420
1550036
1965538
2850064
9178772
5289087
5971137
3255354
9889328
4451489
4601164
5263706
960289
196499
8417827
9942134
1626343
333708
3955634
7198517
2136470
6802154
394857
2651290
8476691
6827502
4985036
4981398
2854678
4986574
3946013
174845
8377959
691290
6868399
3735934
1663700
2821481
3287826
1308334
3249379
2619920
2791132
1145170
4732950
3525891
3844133
2934845
1992982
121240
3678473
7670000
2126819
2454531
7372752
9974314
1639240
8167047
4549922
4301520
1644919
3758466
9606794
1831462
7753027
181108
4538522
7498275
840724
1855417
2964344
1925670
6596457
1198699
1495663
1358063
3568989
9363714
3876501
1475043
3102931
8872935
3665143
6364632
1818080
8798514
1941207
362952
2937329
2381847
3951757
6846500
4256203
6601836
1296282
4299735
1223170
3507434
7811661
1677195
8905999
2840617
2554815
1900871
1610256
5379607
7142445
1204525
2682044
1768823
6973827
4191725
4637079
2978656
112264
27468
4633525
3284142
1907537
1307563
2981134
2970429
194778
3332386
2302393
1726971
1923257
4775639
2531413
2820605
2233240
1659933
4875242
4628707
1141320
2228717
3955997
161882
3375907
3860685
2370162
7715030
4964126
1184459
3953742
2913103
1304375
1357856
210493
5555802
5650381
5578743
2487565
3617868
8872247
1568681
6860436
8748691
518288
1593999
4783674
1676097
1461780
6967920
2630315
9304784
6528532
1534868
4601431
8662977
5414832
4735636
3511270
3457900
6298357
7299699
9186558
1375274
2689514
7703221
1196761
5296696
1288313
1777984
2623762
1780801
695182
351157
5530010
1686958
636
3800049
1565892
2631405
1248841
8361244
2630617
1785399
2292659
4130237
3736499
959616
5869556
8897698
2667980
1799469
2939552
2102376
2485841
9692996
3384619
2205176
1718063
1213942
5792899
7261599
1233764
2445719
3777570
5687840
4835551
1541919
15246
2532868
5601065
1833738
6100400
5296488
8462452
6756327
2720504
1192756
1528026
3439774
3888167
3313409
2920222
2640417
468636
2507851
1604828
4184785
1541908
1575565
3350786
2235646
6961854
3574097
3298401
1520302
2749585
3857634
5600200
673761
1948640
2449997
2963307
6401850
1891482
1601138
3261070
1413018
1666632
9944745
1842867
5194855
5393435
3264116
1696621
8971551
8150895
3994931
9247869
2501618
2109463
2277901
25389
9819894
2967294
2953282
7229326
1939285
2852169
474714
1967493
3603242
3182422
2748757
1918342
4982434
3934231
6873290
7147113
9311554
1481021
5146895
7924862
1395737
175871
544347
3924943
3240610
4632235
7903078
4921360
1431675
5495950
6604702
2192669
2481017
6440856
6451659
6664878
5166403
4127008
4303674
1714209
3139149
1540241
5471748
2119952
323004
3488993
1881524
430932
2650401
2360750
923782
1525719
2787110
1805779
3787141
2240330
6896762
9318650
6246524
739685
5794539
7569567
3583773
2139539
7649975
6669888
595694
8651928
5911531
7288830
3462731
1409583
7263682
2396606
1105996
2684695
3784643
5139941
2936279
1727195
5333487
1682900
11222
7214510
22423
2153767
3724817
4969768
8971054
138992
2679721
3658553
488479
1491916
126386
1841886
6836343
9625179
1948211
6454650
1166111
5908665
188553
6294813
5464239
3394666
3150026
248295
1296060
6472385
3178144
657303
4358627
120087
4830694
3842931
147644
1253539
8240895
2753755
7391378
3128223
6799717
4305244
1140961
4960863
1386450
6448209
1166748
3224358
5558489
1116191
7643775
137205
3171850
6482113
8802814
1202171
3756154
153147
1416476
6124380
2795636
6230893
8349169
1785427
2740272
9553184
1466306
1970114
648485
1769057
5791960
3827241
843489
1646526
120503
1181877
1765114
4725931
5404076
3175829
5571790
196126
1135071
9706305
4496390
246997
5266875
854073
8647519
3901431
5444562
1255465
5846180
7790725
223577
2460587
220275
1749870
1318290
5519933
1393015
2195084
6592295
8885344
6537313
5705869
1436657
1481681
2881470
2326112
4177151
477729
6427364
2440091
365763
4684206
4564715
8773374
374939
3315975
7470892
1891207
2408247
1646470
6375316
7307735
4597474
1562087
27466
33450
2336752
287861
1841784
9972007
1678196
1584245
3506293
9158363
1504050
1510238
3722978
2267113
3128712
9828692
282261
4592571
4721559
5612903
1722929
1829388
2917459
1693271
2514552
2155771
5220388
4340154
3445474
1554700
574881
4885544
3298048
8256006
6928123
1329687
7223671
2474804
9646599
8859378
9272855
5558185
5457896
3692016
7177131
5127845
6760338
177146
6871214
4873939
4285609
5611641
2286307
8185822
2465650
1678523
2165568
1864609
1941069
1612283
1292106
5244783
1380936
1401111
1643754
8521303
1821486
3313399
3470129
1736657
4253421
1977001
8898150
1447372
3338054
2161934
6326102
1656923
8448455
9921281
9503410
3116759
4331367
2817149
1541765
3450779
6954453
2633466
3210834
6687136
4954788
8303330
8435794
523280
4378583
68013
58346
5104033
2481277
9541229
1584791
3624671
5593945
3189514
4690340
5401321
5965386
2580628
2864480
7628237
3376758
5850551
1636129
5280476
3800345
2697321
6487901
1144411
1839469
1734362
6299541
1770279
1989829
1254899
2518837
1707558
6160358
1998566
3458617
2780146
1157957
1569231
2634579
1502241
3267503
1912352
1221360
2393492
1293621
4774781
150453
3766764
5293879
1180793
4172658
243022
7293938
6543399
1341057
1453991
9135114
9273932
3113605
9480966
4454404
1283415
4383233
8738381
2203407
1116274
5989015
187922
396080
6113124
1303863
3921558
6836277
7145194
173847
4305143
281419
6364148
3400869
7517521
3349440
3418405
7845880
5378218
4915363
3469204
7661969
1329163
7956504
2369254
2991237
2577496
8462597
3519881
1128661
2601110
1621355
3453623
2605639
3695438
4750900
4934565
5542739
1687744
9374420
4760624
499069
3212306
6390669
3392178
388524
1841840
2427540
3376748
2436921
3809361
1729701
1211397
9608195
921626
3354923
3581766
1967505
231956
3815422
7279550
540150
5767019
2448802
3297466
2594452
1488037
8935640
8933191
6656328
7779592
1664069
2589050
6702325
5690472
9725302
8372490
8736980
4393838
145804
2501864
1114296
7105384
6676379
4197661
4831149
2873547
1389161
2792263
1326078
2648249
117290
2673136
9928135
5318774
1805933
7230882
182209
1893448
2987685
1876134
3278378
2217459
1642261
6153642
7600986
1538263
748190
7596515
9372137
15924
1770169
7567470
5391372
1254291
2743907
3719041
6761483
3627680
567629
3752653
9446470
3459465
666407
8425801
2146098
9392912
148782
2289158
3890397
7685943
3535707
1782719
157699
5184439
2323030
3558029
9822761
1240982
1195482
5394506
3709489
4363953
3551177
8499579
2823917
2133151
3307082
1905046
2538389
8793904
2375213
8575683
1582916
2868850
6876438
8111360
2913167
7593464
6378205
1479582
388228
6951171
2915703
1645875
8638592
5180502
1459973
2779065
1360911
5565661
7223695
4127506
2555428
1109077
5406104
2230489
3995573
2874671
132837
4864657
9731609
1987098
2334547
4231916
145002
1312680
6295883
1709080
1799878
1678257
844705
8356747
3884984
5311699
5657619
5502982
7877238
1764894
2465575
1136172
2491126
38571
3527350
3486264
6823034
4306909
4217494
3717809
1236016
1723991
1996150
2655575
9210311
5960585
4321767
6727988
2513093
2727062
6385548
1862814
1154801
1559852
336253
5671861
1789914
1870906
2635566
181903
142612
1661641
4150836
1644272
6394610
5890316
3718842
145622
3331585
4481811
1462384
9291635
7886760
3909837
1599108
641247
6324068
3235114
867076
17774
9406595
4432639
1444134
2570
4263267
6420527
5869384
419240
2311025
5413036
19920
6614680
2858419
1664136
3994792
1158505
1184093
1381774
1432415
3713515
3268860
776273
1594445
1362387
2174295
5319625
3956207
1728538
1938917
2711587
2777607
5149511
6700799
5482610
1111405
1333825
3474701
4105626
1895953
8597963
3187262
4459189
5586723
2627978
2807962
2580455
1508837
2731667
1846748
1580324
1451205
2752422
2763942
6715810
9216418
690546
827362
1600603
9668162
1267877
6434965
7818737
2209479
2853748
2333532
6520037
4592932
9992443
5683708
3105917
458115
3426377
4972687
3864052
3967884
7808672
2866313
1836704
5993403
13461
2149142
6373902
1123389
9705873
4969863
6161644
1247434
3635602
1662192
1554679
5276090
397501
5283171
1246835
7451897
1125359
1660228
2632336
4906064
6927382
1775014
746900
2487173
1104329
1222550
2232938
9173282
1450238
1396007
4496810
4372387
1981514
1143705
9458952
3995868
7696027
6539579
1176257
4182621
471243
2179604
7673523
1323507
6899288
1768497
6986009
454619
1404703
1985051
157497
1762620
7284673
5339061
1247128
2573383
1706955
1600252
1550176
2452334
8404758
2293253
9316952
1283696
5908098
8789782
138292
2351497
6799677
220690
1542402
2117806
2272084
1942097
2447785
2244763
9329530
1804103
1145412
3398932
1153437
7392477
2614263
1572336
8681688
127694
1892779
6889053
1491445
7763612
4565626
5623879
7818912
3172474
1379354
1391256
2519327
8757292
2756255
1288642
2947397
3721685
2533928
914098
2853859
1750300
4629903
6587740
1923342
2825048
361886
3896647
6960343
1184708
1951162
3612939
4157270
1504116
2412655
1150767
6502504
6959485
1518316
6929265
276082
5784261
2502581
3598392
1712154
2779404
1721591
8375999
1132107
1528030
4248896
4819192
6723463
8816535
580932
1553867
7620405
3139670
6887707
1107635
1211583
5109115
1633516
2982738
2692404
3272521
3415671
4448817
1474230
5243074
2381902
2620257
5830059
165118
7795487
1564647
1661967
1442279
3802326
1717441
9810712
5312475
3181654
729573
1989149
9740018
2590552
18030
1516933
9286119
3812348
934693
531309
5139378
1299915
2466663
2381456
6618490
1561804
5400828
2534202
2592586
1377882
2399663
7770547
6987103
3882610
7419249
1623469
5458197
2684219
1824814
4651721
47674
192052
2650533
1483898
9703596
1466886
8792143
7553130
9115683
1916640
8437512
7949933
187461
4858652
1874926
3990730
3954809
1785673
4917466
3949990
399147
1697509
1525412
2857353
4796348
2982937
2214188
377804
7182201
6957912
6495785
2391306
2689481
5583348
3733175
6703148
4634707
2556809
1736403
1378413
1280542
6628226
3883148
138422
1928245
2901396
3545209
125188
2401135
8153194
4546221
4317131
7521267
3714845
9181917
8668725
8624773
1725363
5771509
1621851
2625248
3981757
2790856
4852679
2145755
3523423
677515
568578
5418210
3567244
4857059
8993766
1496777
2268557
1739045
8824759
3122347
3704198
1940604
4307581
7644273
6954453
7803050
1900535
8566442
5853429
3349023
3779379
393718
1343983
1498947
1816792
3730194
785411
3533770
1178501
1287200
3787086
166384
338619
190292
9482976
4911648
1798564
1150788
1276991
1171500
2383523
3573422
67377
7397925
286463
2602861
1488655
3209719
6430772
2595355
1980353
2329836
1176923
1895547
1444665
3591833
3142078
4932042
3539471
4423477
1161313
5809562
6625932
9180316
3604103
543630
8874067
4912746
676739
4733666
5422679
1761326
2484817
8626514
1989594
2965676
3374258
115099
2606440
1693438
6841602
1781513
3296737
6405380
638755
6794845
1711615
3212701
173392
1305975
1225432
1626945
1747839
1101527
6299443
1412565
2807693
7662542
3755814
2156646
2390150
6131289
2812805
1781882
3815016
2788411
1964815
1490849
1768034
6799264
1177120
4177322
4612983
1644003
5656208
2932881
258246
3547639
237592
6466863
1985281
2907284
1274209
280780
4575614
2766282
4853796
7115314
2500265
1449218
1329376
8103055
2221351
1337607
1648068
2950279
2691357
3710744
4353603
4364538
1447579
557507
1379398
2226564
2688059
8108288
3154407
9656915
1313437
6846266
2818754
4825943
1714762
7480483
2102654
5556126
7397976
9715109
1517655
3742222
1276852
1621138
2260417
9740313
1827179
4788512
3751490
8451132
1146353
5804366
9554248
2409540
260798
7743762
6999378
3209610
1733248
1835882
3706715
5684849
2922747
2276579
3427364
1160051
2974563
1792231
3681808
7650984
1651894
9746878
573065
267998
164124
1681242
3504279
1533289
1470541
7662366
3574570
565816
1981477
3458377
2530825
1329593
3780451
4624789
1497341
1812764
1681326
5694352
193778
2942810
5275367
1220652
1565341
3275906
1997649
4501154
1422295
1276470
1945252
5970297
6388594
5184728
1695318
2908577
2594555
1525351
2237357
1377414
6918157
5358528
2619057
2784629
1946934
8851780
8168608
5131915
8194565
1590187
227579
1657837
2657995
1873555
2889180
2317950
241177
2968105
6788589
1320834
593990
2287437
7865039
1733050
6904084
1472889
1508503
2254262
6937038
3506790
5600783
3448583
3722470
521890
4571534
7147036
119634
1122766
1137885
3991757
1720922
2878059
2840265
1757282
1331690
5952043
2117052
1688584
1547988
5625032
1317573
2452531
4776
4984260
7891886
1509997
248346
4442893
1249529
8483013
3289678
7589054
3768877
1456474
1308469
5119951
3687756
4838245
1689731
1309201
2777603
654284
4457745
5208381
3339335
8691810
1778065
199823
2115602
7906976
6704316
4697320
9511770
3411773
1429744
1271067
1128432
2734091
5531090
1692296
3768709
5327690
2571785
6260893
1667754
1656083
1772141
291969
6951683
5684415
5676077
4692321
6559541
1157181
4239404
1236019
9206055
5584640
2791442
167322
1729836
3938128
2580608
3247120
7527598
3482134
1927433
6847630
1749701
2422863
7620721
1869294
3230299
2807000
3984162
3822305
1813675
35988
1610871
1983478
8348086
1565381
1570013
1400446
6805235
1651634
3353462
1724956
5920409
6971302
5634997
5341449
3958767
1573135
135745
2362203
5270486
1613878
6620317
3956699
2369997
7396396
1960336
1405673
2972267
1162321
8648279
4463395
2195127
3625812
1828649
2974866
7486062
1284871
2829739
1882220
2296647
8588104
2932910
5650386
3237623
1140648
6768085
2392374
1301072
1633920
6637642
1478423
2697226
1598161
1643194
9910777
1158960
9764605
9315857
6555386
1328551
197885
3186225
2638627
1500462
3105490
8711003
3735071
1914081
6766570
6441096
1212868
8721002
9959457
7954873
7416424
5817277
1332347
6583096
1883558
3376635
2668448
117833
1286969
1248792
6700253
1351623
1460488
3553696
1818617
5452665
2529684
9171165
221166
6787151
7290438
1130739
1901005
260318
6690346
1253575
2317653
2800073
1738115
1151832
2566242
1953114
3707659
177748
416342
8259994
8780327
119411
3516990
1137968
1902102
2171344
2680154
1732410
6727416
1977061
1515627
1445529
1845759
2731329
388155
6681621
1218028
3912662
2931404
1198558
1859615
2504899
7792898
3620469
3789682
3994966
4437303
2472380
270843
7288207
3185355
1365159
4839979
1740811
3599020
1662733
3382793
2204978
6292634
589608
4642519
273422
1200015
8869359
194296
1380175
9127855
3784467
5912799
5500442
6326417
1813269
2648718
5230697
1159363
1391630
5776538
1516811
1556230
8172959
5689206
141630
2905283
9239590
1851924
5421295
4847929
2813406
3454638
4388328
2656818
2518283
9492362
3943805
3334904
1403710
140696
6333360
3424569
6959362
1301326
7824752
7752355
4228315
3270958
2926261
3317845
3874548
8186015
4524495
1564137
2431991
2629743
7370087
1601183
5492185
360792
5530444
2235047
1540212
2888523
6683905
5181293
5615256
134630
5796643
5527178
1923231
1243201
8360609
2274546
9206333
4256686
1927065
928997
190778
1361754
5677254
1614170
3616619
1104104
3345329
385043
2450360
3696642
4109587
4308559
7198438
2212603
1624837
4585174
2857925
1415330
4313754
7706115
1746673
6951785
1402734
5609175
1123168
2445570
1248491
9535025
1202642
5673111
4363213
4612160
9788339
1358513
1907169
8881720
4148998
2808368
510238
3539098
5481803
7535251
1772882
2512741
1115856
1427108
2970224
9930540
1568758
7527720
622886
1757157
8737888
3222623
2339655
1159550
1676183
5843314
2260981
4263669
2501869
3558517
2200642
1636572
3565214
7889152
1486444
3849142
2323233
2802321
6433765
2376634
250087
921964
3255212
7733956
8282630
5939027
1123127
3417968
4993757
5988830
1790198
5342718
1340276
1145947
149763
1328368
4661445
6209394
6956870
4864092
1563602
2568466
3618198
1520184
1863339
3440083
6199116
9955817
2329865
1530255
2184973
4789849
1289736
9556821
178307
3833386
4103106
1318901
3705720
4735155
1374722
8138137
3148542
6564682
1708194
6978059
2523342
2107766
1262392
1486112
1380496
5532548
119149
2706272
2708784
1257801
2220551
386213
1144129
6227371
1700876
3924422
6742932
167508
2403703
7754881
1300490
1214077
1235511
399156
1151297
8828114
1982206
7809951
2671207
1703603
5155681
1971428
2665205
170993
3741688
2471377
2163548
8777725
1197230
1379245
5728903
3205013
1974627
1929077
4363420
3117202
4281317
1629679
1185352
1910006
9996244
7462927
6256302
1292751
573468
1869944
1300223
646763
7225482
8541319
4788763
1452282
1623431
2323085
1484364
943164
1900996
324316
8216622
7480372
132892
3640360
230397
6934678
1730252
1275052
2728500
1626163
2679998
3259048
5392038
1700495
2674463
2723096
2478235
4234279
5180850
2599529
1978829
43340
8903536
289867
6589868
6946820
1417367
1636544
1558874
564633
2380687
1526247
5693907
1285835
4888640
4951497
1384319
1928151
1177540
9803265
1414760
7424604
7519166
4501660
1280288
195880
4538547
1559059
2598637
1579360
2635310
189767
2380976
5671550
5929179
6994663
3535486
7782647
3627084
2824543
1923503
3643355
935896
1829486
2494761
1191495
1354153
9763737
1910309
3321790
77597
2791148
3297958
1992231
2161244
3250252
5891487
9558080
2169081
9603519
480235
2156851
2341797
2985147
8536672
8539925
317561
4656735
795414
6975151
688084
2792607
2353785
2989356
1279026
4924007
1481207
1909790
5179547
2387078
1355981
1345681
3841944
6347650
9254108
7930682
646884
3725501
337211
2471970
1533636
3105495
1420346
1895837
8423841
8628481
1671924
3379638
4764776
1407456
2217375
5193556
1492631
3964978
1835670
438346
1833475
1217185
1979073
6987856
1852822
6208542
6371830
1163555
2463113
7948885
4575676
2892468
7329299
2635544
1947136
1304776
6341171
2820181
9532221
7472483
2175954
4761243
321431
1668401
4186281
2918065
1473699
2173039
4922426
1358639
2131237
264999
17762
2131589
4574938
5529870
4526083
9619286
1407452
4955410
3119449
3248017
4176822
6477331
4672385
135439
1867963
6177039
3367363
171291
4884996
1561114
7449287
2509544
5651362
4139382
5480154
2778360
1934635
890456
4135202
5875260
6552862
5883039
11410
5370206
1237339
2960596
2966793
1548779
9743073
8837339
120153
1613941
6342291
167427
9360035
6198928
1352224
1265239
1717915
3472973
6345210
4203660
6666495
4168860
4604493
5609176
3561991
226820
7326699
6612660
851855
4250114
2797372
7776315
2417850
1705803
1719809
1594015
388095
7498253
4153871
6312744
2550451
4689710
2106202
6430313
5599541
3198224
3393827
8204681
18996
2672461
6135503
6527086
1907060
1179591
2489210
7509463
1183663
5676902
145034
111152
1280509
9892053
3666643
8376778
152636
2344718
1703878
238441
16150
2403609
233735
664752
2346737
7706081
3288408
1803488
1343820
5499310
3191489
6231722
8639887
4962742
6532145
2386181
268685
2524911
1694055
4548601
1646689
2346202
1117987
1423962
1150590
5938991
1934722
2120024
6287605
2636853
369785
8281030
3995650
1945888
5507709
1717792
194745
3282621
7525754
1852493
1943125
1599545
366807
1609885
6582891
3641451
156556
8962421
9937679
1300210
196437
142909
2225074
1694968
8669796
1243947
5261973
1144974
2332123
5817995
4823484
1836590
764005
1385545
1144118
3510946
2121616
135240
6147398
2810697
1666267
1849685
6459167
9679988
1960571
2665813
1928274
9903079
3855613
2772964
2166384
3583486
1156079
3987957
2170495
5684716
3665388
1172363
1334008
3869879
2222151
39116
799116
1390573
2903510
3728770
2389508
2858860
948781
6944309
2205710
1926407
2623098
1461772
3621436
5782152
3240969
5209052
5989749
292441
2689637
4151501
4170223
5278147
1983571
3490870
3468737
1461834
9379942
190949
156326
2712826
6858967
276998
4586228
1447301
1999312
5966219
3167596
1968597
2898134
385730
9671274
1487912
1564221
3356408
9939617
5338164
3703194
1487969
135952
7551225
1592225
6604648
5733864
4817107
3137012
2168806
2576721
1933823
1216841
8345809
3747306
1926108
3136446
2747142
4857563
1670990
5917185
1136649
3387759
3847253
1683821
1420792
5381585
328712
7970419
7127038
1135243
1875345
1641929
7506299
2395221
7503059
4148336
626245
4400757
3224249
7329214
1347714
1449674
5661885
5945797
1726852
2338442
3641083
7877717
2209536
2691046
3330053
6161904
2447850
4481432
8570337
7128244
2117671
9284793
1542273
1310823
15749
6208721
1644427
4107260
486032
2737732
9526316
146395
2987645
1831926
4102666
5935692
2154954
5704034
2781807
2567772
4223106
866043
1901096
5300126
1277578
543345
2230507
2991668
5624771
1915177
3424751
7488092
1270947
1770505
1132493
3843528
5702995
6227076
218118
1148942
9170871
3692328
1705222
3135731
5532395
1568251
2338159
2743603
2688344
1204448
8665345
3467152
4250398
1171742
1589808
3308293
3977200
7635915
6111077
9700465
2637927
3211751
5699041
2504025
9454199
1511641
1235029
2560854
6844065
5234846
4233775
6877166
1855513
596275
1213488
2133787
4586474
1923174
3699681
9773690
6877599
9151165
1857990
5355977
4713337
9280446
9229642
2440768
7994972
3421125
1611291
2905599
3460912
2437855
1409281
5451615
3476053
2516562
5233536
2138708
7275324
7411050
1614913
1297582
4884884
8977079
2526426
4990338
7363347
8893929
1752432
9430547
1723129
1385270
4906896
4668660
3613793
5108897
4844615
3886606
3896604
6342654
959844
4647287
1475775
1520631
1153751
2678130
2412827
8560913
4675609
4941625
8426401
1530421
3449799
1331620
4928522
5338957
1478706
427272
8780892
6446039
5727289
3585881
2790806
1285356
4172432
2993965
9333033
9583781
3356926
9917842
1233176
1959106
5275597
6164902
1937231
766693
8721365
1606111
1720226
1350512
13377
233646
1767219
4592609
4277510
3172254
1332149
1335674
425642
1819183
441507
1743645
2736595
7143961
353930
1154470
4277799
1686647
5666341
2443405
1324785
2271784
6608937
4531959
4519183
1569079
2531357
1805462
4844290
2842481
1130028
1621405
1125718
4110012
2556873
1902217
4336719
5466244
4335984
167432
5737379
9177128
3319025
2415461
1728468
8935479
1231432
3460402
2523087
4694579
2503383
7598101
9118190
4285848
4225202
5791307
1566065
6307839
1549882
2371173
353467
1399477
8990061
1705850
6480660
8403264
9873021
1223222
7579669
1540360
2477934
4532333
5972294
860189
1347594
2214663
6257787
7920835
1443916
1723367
3782083
8408362
2646444
1136094
295406
1360028
3379005
1360440
4320317
4379133
7818328
1912216
6346142
2256048
6547030
3456144
2478899
1957739
9550121
4751603
143733
1652995
1110147
5521162
5686108
1381172
3302405
4176793
4271727
3187501
3288943
1108622
3458009
192946
4267876
1673547
2172946
1947873
1427022
1819726
1633320
13847
5409823
299707
4945273
5600644
1525984
2888908
1542046
1257869
9394639
6634987
4111329
3990048
3703025
4809922
2972788
3169553
3972040
1557555
1840118
1687940
6277326
7602651
9415401
1865317
5333722
2195522
6285881
1606604
1213028
8515153
4756404
7861819
1186007
259731
1165446
2502064
1878627
9228911
3513971
4854366
7186718
8300284
3355509
9965070
1356129
150879
3663368
1372829
7534552
4184992
3549891
2748365
8736331
4189232
1525630
1327034
1821879
154562
1564303
5150939
13987
2736448
4544879
2941152
1556601
4589063
4155739
1698125
2348409
1401977
1116598
2862879
1172819
5924283
4462309
5527212
2381964
9996275
8437418
198279
1860105
2413124
411901
1972690
2580987
4443916
1599933
1250044
2169105
1883988
1152759
2102731
71122
4393922
2747855
1467237
814068
3990848
1550473
6457558
2606226
4817245
5404112
8580525
777914
6933916
1173151
3783576
244108
7885145
1435232
7134834
5938041
1924449
2842516
6484447
2971524
1447937
7165977
6320309
8538469
8981171
5343320
1539882
1969963
1315310
8137217
1613501
5125839
2991168
1490421
25346
4462437
3477943
243920
1636299
1785523
778520
1307315
2441485
8903525
3331070
3445495
44943
6835311
2542279
1302374
253443
55596
3501757
2993042
9661035
2402712
7534372
3697351
1834290
3147136
2536824
1553228
2652495
1541110
1660165
2526678
1530442
115604
4398181
3362125
3602859
8293228
6541513
6139774
4473546
8692532
7997149
4216562
7937368
138829
7274989
2908757
1512919
3356561
1300710
1964801
4912405
3703790
8672488
1462199
4905175
4152042
4336293
2142766
8627603
1762650
3776205
7881901
5284827
1588060
7623511
7207089
8868566
7363431
1645410
3631877
2841127
1253035
5647996
9226084
1611593
9364882
2719370
3719577
1642290
1772675
2803264
2906252
2198514
524664
3760253
7195171
2785016
7335990
2929376
356892
1360807
1810679
8350553
223680
2455324
1944766
116450
3358048
5177578
3153374
4282425
1587122
8301310
5682123
9558646
1218228
1121292
2703379
6292291
454898
1485224
5374933
1845025
6326356
9820126
7448676
4547839
1126569
1832277
1706832
297998
7958745
4591440
7521268
8551859
1123552
1424210
2313870
160702
1747085
8648655
5830052
1235822
139174
8596094
5311087
2877483
8331381
1502408
6823309
2247827
2308854
3338695
1896081
3311453
1856504
6482887
5986847
1498045
9534470
1374677
1267730
583256
42442
7521138
7251851
4100797
1590662
1277376
9222982
7715317
6184532
7710880
6175129
5552530
364845
1963642
7630
2875232
2516125
8244147
2898990
3346002
6376169
7902263
8644902
1203213
4208161
3100397
5333171
6653291
4735826
128348
9362716
3165536
69457
4855106
1383821
8273228
7789705
1768848
5918779
4618106
8641652
53791
1694691
6510727
1111005
5560206
7839551
1806888
3696907
4485732
8627561
9294549
5540650
9615248
2572212
928865
1350890
4638145
2855596
6997904
3831335
1578842
1694186
1861911
6280751
6272752
2300799
160314
1792248
1673060
1606989
2148472
8375768
334063
1148565
1557924
7389477
2517856
327294
1211249
1683265
1421663
1510656
1333974
1680390
7818346
7395192
5292025
1358241
190630
7997744
3361927
3126209
5582575
9656759
7927727
1243645
3712500
6195425
3464335
4309829
2370042
8130446
252844
2846106
3361352
1988892
1700575
8703202
3268297
3319842
2862232
8307806
2145057
7386367
8537236
2543581
4480546
1451719
5852011
1656651
6595819
6677747
2450896
2596254
2803075
6256272
6710570
3520221
5873950
4354016
8715318
6758299
2965571
2325063
2619051
5536535
1210303
3866815
1304228
6328278
1238438
9724192
192591
6681990
2359489
29714
3788380
1616251
6707267
186063
242244
3732579
2989135
4895766
2669682
33602
3172168
337078
192875
3381882
3513808
3414326
3309669
2272498
5485304
2501079
1696724
3632953
1473863
2733010
1489717
7958924
2728328
3240421
2192889
3814351
6387002
1324762
6946521
5708633
484404
3981661
4281888
3215803
3753445
448697
2423661
428349
3834323
137519
1616416
3282492
1129898
2491649
295324
3148258
2797634
9631791
1554118
2917178
7585750
141749
5213886
6113907
1617500
1724146
175710
1225881
842620
6794654
1859014
1795873
1952137
4924967
5557129
2690365
3975147
1782224
3525964
8599541
1579930
2405786
1876493
1246235
1144113
2871473
7714703
5715171
1100593
4265353
5807586
4995407
2141221
1239372
4447300
2836958
3194678
3948539
1679698
5673744
1713478
4237295
3527128
4199354
3127942
6595769
2546491
1443306
1641253
2631370
1753240
1954329
1267788
1334484
4937625
1997620
1357054
1160459
2568757
9361397
2952183
6874364
3730725
142568
6854099
5636812
4574677
2991051
4994241
2375460
2530774
847100
2332358
1225059
1528065
1336329
3363432
3519316
446733
1580729
1300735
1605045
2699967
1820072
1432236
1964162
4570695
8635699
6718072
291331
2650292
2859272
2201513
6677789
2472013
5911281
1844809
1585019
8829670
9315811
3303240
9504895
1229601
2786932
1808024
1994365
4781554
4848688
7119645
1681753
2919158
525292
3925235
4259714
313670
1740802
1281008
4292103
1919399
2500683
3513880
4788281
3895445
3731638
1124611
2257846
225634
2444604
1814152
8976794
1617127
4288883
11244
74044
2408341
5269492
5201292
1425586
9970517
4586918
1566554
7339670
9275858
4570174
2598796
1753830
3206531
1565317
1719793
2556620
3535434
626317
7440088
6233989
6339965
1244268
1338036
2816674
1520915
4978147
8430030
4896259
1224233
2399937
5115501
1111394
1480510
2905865
6323624
2340009
3279712
4732318
2377576
6969013
2183394
1886334
5256637
2426162
2352997
1302130
8769491
4799971
3365861
7544405
4450413
6826180
1241316
4230027
7645750
1551628
1307732
1590242
1995624
19648
7582538
8232170
2109833
5368282
1277665
5308219
1888772
8481019
4436107
2618287
6211306
4568891
2641139
2780850
171274
1162412
9272176
2215359
7689782
2849378
5694324
2766175
1946171
3317714
5954758
1818683
2671923
1220218
3997910
4407653
2516433
3743402
5807692
1573375
6165526
3411884
7339485
1766070
7166446
6465778
3420752
3470690
562841
1878532
3477845
3554073
2646182
3419622
4639669
9579264
3512435
2669697
3597928
1925646
4484095
3778058
1759678
1449052
8812360
3530249
6234879
1432758
637881
5194464
1561579
3201729
8370197
1102601
1772762
3722046
1808741
338871
199853
4353927
1277930
5326860
8370574
1795302
6378111
2959491
1203502
5604727
9368432
1239043
2246907
1812914
6864425
2294867
4779145
4611444
2435934
8297685
8647050
4840349
943872
4775573
2678961
3867541
3105414
1945923
1741615
2551675
121349
2862875
1854700
374502
1125061
2127909
2503374
4368983
7361907
1839777
2847979
2573380
1821672
1606708
9727744
151885
3531216
9813060
3725519
2298770
2806611
2938801
3924662
1713150
3710506
540173
2824907
1248334
1186514
3887117
9545364
2937136
1177650
528797
3493506
3389090
121267
7233389
4428167
1365394
5291967
1693377
1406667
3963574
4730561
6800991
1723195
2731929
4755390
1485713
7182815
4417648
962351
1565549
2160605
5738840
3851320
1525412
8982718
285242
2384688
2738848
3623158
1435691
3948904
2834385
1247192
1191809
27060
157281
6305879
1758600
3394958
6200272
2360211
292317
1668003
8551721
2556729
4873239
5828997
2853791
685190
2837904
3796324
1357056
6600857
1665213
358259
7160085
438514
1306028
4324104
1572637
1277683
4560991
6457232
3267404
3711818
6542506
2239096
3863940
9443040
5515518
1816259
1973938
2415740
3141475
3251722
2658112
9243442
2568901
3169963
4771105
428709
6356015
2839777
1376928
6897819
1890037
2515630
1775654
1715354
1852486
1741654
2953769
2641089
1379017
9552395
462168
5740059
6993204
2710670
1931479
2436179
2412658
1194866
8913520
1340557
1611556
766148
6295586
6642504
8633366
5783499
2642224
2519892
3749059
2624945
2394933
8861490
2621657
2843562
1827772
4445549
3481650
7279907
3579689
1223393
3627326
4729546
1754194
3370031
2384898
4580185
3840681
1765460
7984692
854316
1833373
1879191
5136331
6906916
5721506
4141847
1262065
1888927
1501177
1371029
4325340
518682
3487058
8657312
6790539
1455992
1831381
1402822
8352134
4806509
2730695
5928570
4569730
2793250
2679274
2767088
1394550
159421
1358295
4430079
4729885
2941453
1721491
2973936
2816489
1761378
