1352192
2403167
6617984
2924567
5562241
3765447
1302811
1903343
7998319
4192738
3912529
3358299
4814834
8857272
1570950
5994265
4176667
1963132
4868046
2940934
5423760
5932741
174357
6680586
1561434
949484
3938506
2942004
5102287
1780901
9534265
1501468
9687154
2626749
1904493
2172836
937772
2282878
1209302
4275237
3866753
9952597
2894457
5447695
2130583
6379006
2163367
1669198
1413026
1539351
9687230
2871066
1819201
1465159
3131912
4183371
3642540
2600824
1461042
8991771
9732484
1767196
9106234
5122657
2534665
1523950
9410838
1907225
1500917
2486864
8908017
1629991
6883804
4338543
6535630
930315
5771337
5420019
2518592
1180518
3768886
8523539
3364356
5925003
292697
1458353
4368893
231977
3977544
7345161
2263803
2752599
1689815
3376723
292429
1352948
4111215
1180108
2436065
3383023
215171
9641329
1584653
3767946
573566
2996459
1950486
2698985
5510257
6327863
2532988
7573868
5910175
2619759
7121502
9403072
197329
5757466
7564300
6697483
4214183
3930603
3910774
4928884
3474111
4706193
7464476
1344105
1424197
1915157
3370024
168990
2277484
499537
2710059
3599690
2510206
2265573
7493399
1458809
2512270
1442847
1674948
7170003
1792986
5794062
8504847
2150900
117324
1625668
143675
6204632
1891572
2813702
2818355
3909206
794769
1517279
1288813
2912181
566583
4810312
376044
8472778
2982028
3247256
2428412
1680927
4333724
1406736
2499310
1355550
5891387
339986
1135192
1391301
4189856
1343110
4797546
8595924
459600
3456784
1756824
6495375
4415912
2823286
6329365
7142894
1828566
1664123
3976267
4262020
6680404
6360120
1570171
1822856
9705974
1346444
5594812
1448246
1423784
4890637
5151624
2148304
4129344
6393956
8368753
2275885
8587058
1325336
2626401
2117760
2583432
2855777
8510041
2776611
7311967
4220228
5195526
2832074
3378956
4844224
373304
7893568
4489292
3827173
1928675
1541583
2112693
6809116
1399284
37240
196409
9949095
3638230
3977041
3103910
1279873
1901436
3551200
5593880
9164240
9629526
1245701
3626171
9895262
5762432
4548740
1756893
2859521
5296291
6114610
1492643
3558536
1238144
2643567
3533700
6964254
5324696
2451376
9709586
2995768
495398
1812110
1781578
1624979
4630859
3532110
116283
5764916
9133122
1728486
9501539
1592015
196395
5513810
2420676
4600383
1831358
2148892
4599409
1745536
141672
3691010
2708658
3229087
1838785
5349425
3161908
7938357
1778853
2760142
6229557
1855116
3628340
4813277
158098
5970046
4506799
2676886
712272
1369676
3669537
11292
2227692
1240301
1537226
454167
5724837
1179246
3926407
5416894
4728774
3510054
1409098
2524437
3304302
1387606
1420365
231309
1236206
3939484
1997743
758792
4717176
1680924
1443149
1390302
4420459
8372425
7436942
2586741
6827616
199562
5245482
1385328
1906157
1913828
4724235
2348121
411481
786119
1295633
1193567
1552759
7655293
2356081
7410286
1899304
4677743
9351210
3648141
134726
4354187
2389098
1430972
1113191
1637119
1740521
1392546
2509627
864424
6676230
6842423
6704980
11990
1832270
2412171
1629710
2529413
2304237
1162976
1146536
2858468
122787
1570199
6701390
8755815
999685
2785082
1814383
9557878
1156499
2141918
6680444
1759785
4302939
517140
9769930
2682800
2274387
7615233
7658048
2876406
377994
2564470
4653465
1142841
1385161
1291623
4435363
4415560
8625092
4342380
2598447
7615334
3442884
2880879
6831430
7201006
1260078
2142875
2178609
2872887
1612408
9565475
1460138
8738375
7366533
4623969
369547
1365429
2389629
5718431
3961234
6914119
6715558
2384965
1818865
3251368
4142373
1287116
1698025
5431947
7717322
2490266
6987539
3979161
2708813
9162717
2810365
3271162
1157006
2821143
7153214
9525579
335804
3951918
3935023
9402004
1199624
3781349
3299562
3111218
6448437
1782367
5567579
3864304
169289
2489576
3692884
1502566
4558413
5757344
4755244
327141
3782209
1813578
1453310
2475341
1514701
4686445
1569355
3904716
169155
2116125
2894453
1451633
7251642
2634882
2558797
5593557
1967350
151777
2612341
2482064
6102518
8343509
3164695
2975899
7744531
2284072
5306823
4618270
2492204
2769048
7292601
7354262
4443177
6393256
2921268
2407843
1487645
9119454
3837861
6780139
3674376
1292489
5103492
5502175
7138337
1161690
1975350
2323434
2897785
9349706
1988799
9729820
1843601
9907680
1915829
1349027
2968184
2881519
8813558
1892276
8371391
5140603
2130061
4910456
2456853
1193099
1213780
2978844
4395369
1797637
5558333
2929187
1427606
1792638
1595072
2755697
2385966
3683652
9335391
3349824
2793858
1718552
1865915
2785859
7953892
8960415
2215684
1999074
2957984
1240547
1481668
1901783
1945038
4783051
1296622
2584777
357591
2585664
447215
1896150
1457730
8129559
8757607
4258835
4550922
5503170
5822371
1896528
3486587
3943726
2394354
1224516
1222145
542915
1934068
4704668
4143094
5264016
3278328
1845014
6175179
343574
7452606
1294017
3415884
5348337
3828233
5576003
410390
5741835
1284177
3456475
1176216
2388536
4179040
1411445
1108755
470426
236223
2308299
2903990
4347602
2680856
5759066
3434906
1686980
1266404
1507640
3891108
5984399
1811140
1477561
22750
8547531
2577437
6367953
1588721
3218852
5802985
193503
1828273
2899367
1751626
2834741
5502932
2928261
1838584
1545546
2102020
171173
1263490
6315907
3308812
129018
8554910
2642298
1660477
7364439
3355967
746815
9563883
9110613
595855
1748219
6115242
5631941
7826146
5812686
1859575
49684
1436399
1665677
2167778
2539263
2732229
7320649
2278744
9405316
4788175
9644421
2297399
5144979
134148
928035
4972657
5282554
1197133
1507806
1562248
4137312
2139302
4430228
7878726
596827
7367529
275743
6760967
2108005
7588102
4314111
1143513
1890269
5129827
1727100
4437962
3336177
6803676
1896502
5228875
2954587
6917498
2949101
164901
1167037
1339501
1434938
3520552
3875062
7686296
9702102
5578179
7512443
3596239
8509980
2635
1617639
5162324
1629052
2263760
1503682
1147287
4689761
7268088
2847136
1526224
2514903
1213823
3577868
22268
738104
1324529
1122207
3602449
9532254
1803651
9868635
221478
1780623
4587189
2113342
1959264
1459771
9817112
6707455
2894500
8495930
7667024
7952870
4922624
9171203
9520108
84309
3692538
1851624
1633904
5527789
3538804
5613452
3253870
1530262
990703
2508824
4452206
2724889
1568980
1842214
4298032
6311883
8515850
4371026
2720419
9606017
6499481
1809505
8436706
7829063
1235373
6256007
1330040
2368444
1671655
5724305
7806589
2687307
1847868
4121294
286598
4138938
178079
1254560
8300911
156785
810390
1251474
7589825
3692325
1666594
181384
5281964
1585897
2371848
1823893
2788796
1740044
1992714
658070
1850768
2621002
4779700
2344548
9950325
1834093
529778
8924749
1377303
1208613
1389562
2360144
1881163
3551309
2350623
2103632
4438913
5965382
1826820
4263432
4567824
38481
3845203
7325513
1103271
1907686
2367295
2399543
3409395
1766909
2570627
6771180
9374725
1384878
1592410
3818025
1982004
2698457
3866675
1856131
689225
5193547
2303112
1671178
1904022
1224611
9568038
8410343
4285055
3915597
3965490
350388
6450457
1165470
2753860
2444408
3766984
3840139
9543634
8106444
1488816
1250996
2992572
340960
6886334
8874168
4769557
1166511
1468794
2233329
7579481
6709340
2494981
2524425
4813337
3565324
1868379
1664726
3838330
3221994
92765
1599317
1275184
5354062
2839600
1238149
7263777
1867903
1798252
4836559
1566565
271241
8569247
3652925
8140849
6215818
8444671
6545762
2610308
2657483
1672743
3210037
1792373
3414514
1597359
1236090
2689153
1915522
7419601
4893733
1237555
2745541
7281604
1915307
237307
5241937
4996757
5695362
7129312
114174
5608615
1840438
4341550
2736604
4871121
7837427
8575857
4912081
5401713
2900450
1852134
1651480
391266
280049
8876422
1460110
469707
2576302
2834716
1966989
669718
2449285
1514811
3361797
9497316
1969170
7521095
1802734
5841297
8863268
3580798
5340671
359250
615402
2138863
1349561
5824773
4311317
2509131
8340685
5612700
4721865
1483210
1325149
8610816
6256742
7624131
2119274
4670226
5800580
1531714
7644116
695655
6165018
1777233
6923349
539633
7197162
3448705
1411940
6365410
1860009
5424524
3490409
2302143
7628558
1140754
1148696
2318213
3659256
6729654
5884241
5374635
3100507
661103
1859509
3113300
7568079
1250345
7247153
4939847
480462
7549836
2312217
3479143
5703679
2674927
1296987
6358410
7603430
1737640
1620886
4571142
5299984
210593
6319858
1330606
6301282
2248551
1347216
4343007
527390
1748633
1240135
6457809
1228951
4297879
286348
126950
1677797
1289779
1280114
3144561
2936832
2482529
1810604
3155357
1795740
1523148
1345849
2757701
8441243
3648325
5231767
5415701
3761533
3582552
9183860
4110696
1938829
2901295
78658
7427445
6447275
3399613
1586433
7504577
3639978
4667970
1847895
3912543
3454282
3664186
1654577
2602950
1944089
9906576
5325781
1766075
6890056
1700876
4965236
4557976
245054
181416
1626522
36434
3420309
1614499
7933748
8660002
3196888
6765291
2520646
7356733
1637526
124021
1276671
2478050
9545952
863230
534351
3594356
4512661
4335231
6301509
4216895
3407084
8678083
213899
5298569
174577
1908873
5348833
8985825
6848627
3223141
1950900
6847806
1385272
2574247
1151515
1255041
4221687
5240084
2381606
4526297
3258072
1958778
4485601
3194845
4426560
2137980
1921652
6938409
7595494
2554919
7286984
5417205
4933451
1921926
3879503
1294527
3627153
2552405
8422895
1943503
2654909
6852002
3932790
2604384
2865805
98261
375305
5781472
560935
1260256
5259929
4492309
1129974
4783078
4967138
62334
8708062
5359980
1285296
2229262
7452373
1492688
6365460
4505468
1370834
2208943
9435806
54460
1901387
7902058
897460
2500743
8994839
1886192
5909036
6111629
3270084
153136
8737307
4530717
2255080
1790127
4469502
3318754
7211762
1203038
4578091
6810076
4688974
4546905
7113161
7896633
180902
6993295
8562652
7705308
8445425
9682109
2875788
5403999
3915799
1887419
134430
3685490
1915727
2299161
3900063
1999461
5674166
4915155
2535628
8675809
1845535
525870
2927232
1407633
1780400
3828167
2850891
1116704
1986325
1702316
2806406
9652250
7933932
1724341
1199226
773602
885990
6824637
9934914
1488250
5555671
4252702
1452448
2537097
4630320
76226
6196669
3850452
1947854
1249059
1992110
2878226
1431235
1536046
4230682
29154
4447293
6235714
2568913
1754061
2981732
6266355
7401284
1258674
4539247
1725775
4410703
247389
9574932
1649477
9799028
2977772
1995621
8367794
1446473
4606391
1143538
526967
8970938
3461842
8908298
5517239
2605335
4375478
1123849
231513
3995487
9621244
2929928
1695205
4744243
1828364
69456
2162035
522048
1128232
3636518
6344307
2160873
1181100
242297
1793315
7194452
1206654
3319549
6867685
579169
183261
1956335
5538828
3909207
4962662
360103
6473352
4412213
2237431
1870652
1555203
2864553
1259739
4620394
7115947
1596825
5200303
4554291
1238689
149120
3794962
3375514
1463950
3362067
2813135
556131
2578659
4872409
6903532
2535902
6837707
7617643
7973404
4918111
2101146
1393974
8274148
1721882
7772220
1948892
8235470
352691
7728853
1934008
1593198
1594820
8334318
7522703
1787976
5889612
6408195
2785140
1712378
4808893
2231037
1479132
2530881
3191361
9204146
150268
1254793
5177096
1741304
2311375
163897
2222021
1314923
1303922
7185281
6877061
3475685
125280
1118814
2884134
2206495
126727
1296396
4234180
1854559
35385
9193444
758333
4378714
2896352
9945899
1322554
147623
1135418
161573
3399189
2452361
2710778
2314412
3666894
6960460
1629392
3535509
7386053
1274845
5261771
1479347
477498
4591564
9676036
1839551
1917532
1302442
1899169
1344224
168045
2776096
4553943
4958246
5990104
4317339
5209710
225846
1244207
5767477
8405876
1456138
1112353
3591092
4910582
270126
2406287
1352571
4270908
6630561
2652413
4141763
1292627
2815299
2483435
4262922
1209269
1321460
1280380
1136055
2974019
9367240
2673597
2427360
24801
1293950
9750094
3405979
6495901
2509302
1661014
7350170
1203998
296898
1481381
5571164
17250
7618270
9746038
9857647
1395851
8564608
1361235
7847838
1709365
1560850
6289276
1555546
3975034
6125930
6680383
2367721
9107776
8816939
1625613
7765622
2801361
1518878
2241504
2507004
5144875
1146162
1380571
3850303
2316305
1813621
1644821
2714902
749287
1466442
2373938
118498
1123454
2936722
19455
9898887
9172965
1365346
4358307
5636841
3675236
9565778
1922673
3152262
1858040
5991767
2681424
2256870
1390486
3956467
648021
1837440
7583577
7777924
296578
9170903
1545503
3831936
3185146
1542029
3975136
5756659
7210716
7818212
2746177
6441014
1804696
8596309
574831
2612880
1224976
5549286
2662342
3686985
199412
1408887
3894388
3187244
1412833
4190241
3199265
2928562
4922538
8674320
3947047
4574913
8567354
2645463
7727549
439381
1364530
1172088
1584278
7834302
3761968
2168726
2347132
2259266
130270
1449344
6579748
782881
3372190
4469573
8980242
3359249
3981791
941984
6104963
6593322
1530148
8471897
1555046
4616023
2769856
2463147
49357
7225782
2245990
321278
6362945
3273103
1955126
5893546
5959019
2393138
1694918
1194975
866296
3699681
5133043
1657484
5191328
3759869
5188878
1662696
1417917
6112649
7436160
2709102
2735168
1803410
8378277
1226498
1165884
7811918
4307957
1564992
8834236
2438518
4776662
4673764
1912367
3634812
1459675
1833358
3343843
1551299
6117236
8304039
1458021
5867579
1156380
1793356
6457132
651453
1790997
8418062
6478163
1346522
3489777
9598368
5954706
21645
5397996
3442870
1479267
1641532
4110659
1259343
8248019
2326347
284043
3614230
2498415
2885365
5765716
1454729
4389679
4383770
1873785
2109264
7548022
4113701
5967047
3411938
9847314
7539205
2947866
1326312
5157864
1602573
345235
3113772
1827582
1353230
2820562
3895670
2986594
1178319
1560735
1649198
1577750
2812708
3282436
5358096
7125023
6841578
7145310
8300663
6485950
1358592
3254770
457025
3619733
1696362
3152023
3754430
2823308
3132230
18197
2172095
1111034
2533333
1135219
4714324
2864687
2706796
2646073
5258827
1660949
4471629
4515337
2759452
6272245
119912
1560845
4990943
586226
4686797
2210220
2907233
8272842
3810032
4907211
7291914
1600082
8860233
3420113
1737242
1392088
3810343
135524
4332700
3130586
3855294
4546999
4868019
1563681
1840410
1396752
6149119
1526073
1601401
5531764
6617031
1761218
868002
4195083
3863867
1778935
5829095
4713442
2248884
5813739
7593326
2188871
1675175
142825
7353343
2654607
1575753
698734
1820791
1805348
5881729
8655564
3210752
390697
3224019
1159890
2987798
7901438
4928881
1965519
4444337
1485023
6876369
2124709
1226714
1869499
1399267
637605
177084
9987809
7474184
1154086
2113279
6148730
1938334
1832558
2275552
1858659
1674177
3371096
246433
3228722
5197618
1683492
7391665
1658133
671356
1390376
180146
2952033
3219936
1390322
251422
2107873
2490003
7177219
4252781
8474867
1894786
4536279
243320
2264550
2678488
4703540
2994749
2429008
2517106
1954468
1253542
2101548
138103
1808601
1156499
2629922
778364
2165127
6300643
1211969
1372081
9170202
7932889
2462962
2483864
2257602
1829690
1732839
240694
3269706
2227668
1226029
2815729
5539814
7658729
2422830
1213290
6138169
3532854
3459633
2591645
7324706
4284971
1247946
2711988
1800105
4341388
3558751
4861478
7379625
989277
7190769
1519325
2410892
863110
5977908
9226268
1336384
1906255
1529289
4624041
1675182
6940900
250540
2788763
5867771
6389192
2768836
2815178
9275770
4293555
2467189
3403456
2803737
6349252
4116321
4475491
3603351
1896637
1702616
1245271
2743646
5762422
3777201
3662585
7229926
8198614
297472
1124700
5383742
648329
9960664
3724442
7884054
1744132
181386
5303554
1620574
2757998
2657320
1732827
2867236
160258
3907439
5965282
5899342
5760661
170294
1289624
2848016
9522317
3160170
2559055
3309067
1807005
4426331
6927111
6902319
1461547
4297425
9127716
6320943
5994713
1812581
7865603
1977727
2567602
4467510
1466309
7772424
930893
7331387
3172484
1135270
4673724
1892603
8161829
1123754
1100580
8358058
3795778
2192079
1550290
9342915
2322332
5144959
2390467
3277727
1462238
3588651
2318140
2519009
5911585
1471340
6327703
140931
1752302
7534468
6100196
3748090
8472378
177221
1786637
3242113
5616946
3202277
1209345
2611583
172319
1615895
5862738
3738736
2909701
2175947
1136140
4193569
282400
1722935
1458765
3266062
1184123
129696
3366823
5867669
2713297
1246069
391907
1527852
6866706
6890134
1830882
9797816
2588626
2700789
6830307
1701878
1277346
342400
1701329
1884643
6576868
898358
6821813
2607179
2403549
6794634
2632071
2629215
1803314
1781397
7171171
2576280
7758256
1921008
115748
1898421
6125496
2125541
5604106
1834660
8558012
5368418
3218684
1937162
4845259
1111563
5542397
1982618
776390
7693437
8621582
1751970
3914201
2383876
2373985
7756078
2530808
9946500
7687548
5768962
2706169
9783002
1278428
185181
5139705
1196617
15820
448942
1864682
5476526
1398502
2706742
327180
4101623
247970
4605596
7232559
2220177
186488
7382450
2539028
1843520
1288550
1140432
1972619
5862032
5853188
5336581
1375338
2491646
2757873
3685475
428575
1302347
6289249
1786372
1336804
6630011
485401
2721384
4970746
1837233
245255
2281513
3727654
1588226
5777696
1593964
2957121
1738751
625466
7733525
2291161
6572482
1351118
4491450
2591722
2248910
2393948
2880074
1427242
1869869
2657996
2491149
474878
1927465
3902164
3904730
248130
6527368
223133
1295865
1535946
9181469
2863343
4880653
1359368
4862790
5427676
1390437
3642121
1782899
1130405
4660651
1142270
1323561
3957605
22668
7826198
5391661
8972175
3913482
1746107
3752575
4903981
8841983
5472470
4962363
7332865
883750
1232074
275410
5637838
1109980
2783146
4170887
9217216
1282350
2323790
7283111
8992370
4629410
1428934
7174904
4358437
1543397
6257084
1132212
1784819
2220132
2139918
4890601
1436683
2347180
3631014
164560
4389722
7982083
4775662
114508
2289234
1139515
9627661
4331418
3231343
3108349
3144718
2540907
7167747
1333151
5912868
1382366
1599334
6734981
1374810
5276033
2562227
73448
9559084
1388141
2433001
2783696
1129889
3972032
3858926
4927697
2667301
178329
1576029
3732989
2781324
2529865
2550505
2375750
2978216
4580155
4717219
2245592
6885823
5896839
4410111
1230974
1769108
8296309
1356682
1667880
1375429
9345690
3662285
1384669
1551935
513345
4161280
4325886
4548473
6455984
1582571
1464862
7723152
1540842
6524036
1350087
2391632
1577603
2211123
5176213
1715903
820985
81544
310811
2558364
2951056
2370067
3863719
1912904
2106846
3459456
9768099
2164694
1454752
7930569
4118938
1959851
1116047
2767303
1648070
4316610
3939511
8114303
1829154
1360439
4480442
1121421
1156917
658490
1472531
4465383
6414829
8778388
3357963
6668382
3774854
2498757
6849214
199959
7980982
2975771
6792828
2411599
1642979
7542551
1894945
2259633
2295119
380772
5783974
1271827
1808661
9119689
769235
1108149
1929521
386567
1159992
2788052
1374063
259970
2836779
322964
1120182
3653145
5652701
5603473
394113
8454181
379233
1619373
9876724
3951115
2738509
8394479
2687647
2177029
4141518
2408654
1882049
688748
9140108
2589789
211454
418396
8309066
581148
7998616
1935934
5604704
3977344
183509
8275507
1113555
1678909
4558629
189462
1273899
2644157
8595671
3322507
6756472
2780791
1882516
1738296
1507701
3104510
4292124
9599155
4946692
1294876
356433
1531548
1744876
6796956
7126626
3404707
1937523
5533021
4428750
4688953
1856303
1453900
9668250
5725284
197603
1304556
1118025
3945865
3226632
1213457
7950244
9884771
4292308
2984334
7371247
2380324
2279359
1611950
9788986
6830738
98640
1543040
7184658
2773002
8389171
1175284
2686179
6805136
3452155
7651015
6332167
9170283
1246494
2757730
4897425
1266833
3681420
4133659
3529099
4173301
4264514
1856890
7589212
6717768
3355355
4962370
974399
3286404
4653774
244580
2944906
1870102
3324912
3174304
1114023
1867053
9653492
1579773
2944367
1805259
8258029
6472901
2689990
4384603
1679040
1611956
3880154
6832668
1780693
8800909
8161516
1192203
9906210
9685245
1285000
4480279
1827054
3647010
9662525
5776781
2325650
1239591
1411210
2338128
1580564
8921925
1450557
139373
343446
1368006
8885982
8691101
1297050
2959347
2164085
6854436
2423910
3899267
9952759
5160832
3987732
1562234
581686
3461695
5605145
6493419
5957738
7356329
489939
1690728
191505
7158775
1342774
7280737
7727531
8305739
1576795
259743
8382517
436396
1405085
1334126
7239171
1747132
2169424
2680962
2626720
4710458
1725062
3964897
4820074
8783616
5681600
3144420
9639959
1509383
132668
3720251
2372752
2816234
1274155
374874
1862711
8248586
2869372
9152769
7284269
894348
9697656
8969150
9771568
1973086
1851453
1661834
1687252
851129
796400
2641959
2194118
2192657
4861611
1356738
1166275
2677993
2971870
6252026
5627429
2120832
3522256
1249298
154931
6695650
4751010
4769319
9420497
1235259
2899933
1789461
6151066
1941355
154428
8568668
1913705
1353546
1794418
2595345
4905341
193501
2483065
2779144
1404629
1827174
159855
1843261
3647169
949905
3925423
3144695
1841644
2762987
8277073
3295769
4448342
4502530
3971710
5522332
867941
1714323
2238083
2402344
2698747
1105497
1244927
3275573
8662394
1725855
3384081
1920327
2566359
193585
2345318
1804925
8856856
744445
2672765
3627135
1275306
1219264
3781083
1894512
1212688
1552173
2315168
9214793
2873783
8427010
1690344
128912
198181
2210580
189574
8447176
121908
2932621
1221317
182279
2733990
8840719
1638340
2635544
7254127
1759516
4291923
3254666
6741950
1368446
6948696
124759
5411084
1824341
1225754
6512523
7362562
1624924
2240343
1845987
6601370
7354429
1895282
5165544
3361948
5323808
3208677
1552439
1559786
3596380
1500806
1625130
5554346
4949458
2823186
5949638
5836711
2716808
3401196
1552854
1459254
7121991
8205500
7128368
1992955
5892763
5641904
4730647
1682996
482764
4344195
5697967
7830155
1554218
7178768
542315
5905701
2517761
3310215
1416606
3305301
1252540
4685224
1760969
1226488
5849138
3720464
3160482
3834837
6775881
4231067
5423000
4560232
4599389
3126764
9831326
2760016
6970334
119174
2385097
28287
8206403
470222
1206125
8260057
1345251
6701137
4611105
4716500
2540923
4213319
1799575
3810339
1542399
4785585
3725087
2348104
3558095
9767742
2898924
1555455
2307927
8645968
8484729
562430
713597
4449088
5894722
1270598
1289084
1450568
2311289
8727346
3331742
8669381
939992
1181773
1665508
2468961
3344664
7946714
7546915
895447
3425134
3213553
334099
5998909
3754401
8630507
186054
6555269
3421976
1273431
5685759
283451
3549989
1986447
1837650
2790336
1447717
1421695
7516680
1517579
5117408
2798350
1229560
3104109
7121767
3355665
7666739
2798881
2558365
5415271
2726492
2797164
7484372
261446
1352351
5284556
1546183
4866419
2875965
5191159
2611722
1909181
1394603
3751802
8263421
2313566
168004
1839692
171862
233679
2847017
5611501
3866465
5527203
4942343
7279272
7668613
1277826
8628267
2837895
2778615
1839840
3301427
1963958
4775284
1455391
9108864
3156287
8955944
1765490
5501915
2951638
1378370
2262127
5170936
5300702
7810010
8617784
7916991
4494635
1902442
1272144
1223155
6550028
4523517
5269360
1736892
1434616
1870173
2273703
219695
4327231
835055
8763540
1510235
1986728
4149452
9859993
5719164
1938085
4348239
3476723
5320963
8100152
1264119
8132095
7285915
2458797
582941
8823396
858482
5634012
2395481
8149483
2918092
1537143
2387079
2694465
6754577
3880148
2159807
2366136
7114621
272597
6743694
2823961
467285
4301143
2778512
2920621
1207508
17395
1227169
2670314
3338388
3603343
1604830
1505557
1771056
6394797
7598543
312942
5437194
4604875
5200969
3826951
4156631
1604101
3777204
173848
9102055
5974050
6551534
3146391
1562525
2233959
526992
8896956
6529856
3613984
2979600
1794546
3926870
3374671
8180144
2286711
1260158
174953
9794769
1402662
1487020
1920829
8480964
4767261
1713321
5685965
1161170
2939255
6534467
1461166
1191059
1474956
1865910
1461326
7731613
2342096
1951778
7841987
3541708
1843716
2504419
7969593
1882543
1645087
3468466
189387
2668286
9412079
3220701
3845488
166764
6429046
7699679
2571768
7825402
2521445
1722500
3617322
4865188
5647135
9100304
3936050
3353778
5145170
4888199
8918999
1750154
6123931
7808598
4846801
1134654
3232447
5650528
6131347
8817872
1972235
5774169
3604594
2748495
4995337
3811325
4284645
7921921
2276574
2816459
6720937
87026
2769151
2631538
3652419
3503451
697839
4237784
2465218
3355382
6852443
1888002
2175562
3227662
3520392
1711198
7215608
5459767
3536346
1489957
6675258
6863951
8425683
1683108
116474
1887261
347531
1252152
1178620
9765939
3982782
138691
1753147
3211451
315533
1223870
9832576
2106869
1921983
3599830
3298793
39586
8304312
732758
2622588
2697811
2594610
3450431
2199803
373007
6656668
7304478
5835040
1199123
1935894
5880745
3594758
8669160
1726672
6503757
6841251
4483356
1202336
1467380
2239306
2437152
482768
9195462
5828516
9786525
6560617
9770581
2684061
2222628
197639
986295
856900
1458958
2101737
5942685
5610405
9302942
1393021
3859860
6479902
1658882
4656418
2407353
4508514
6766127
1528673
8766545
6769860
63295
1716730
4968617
3307942
4500360
8968264
542689
1584574
1408208
271756
6146313
8973214
1939970
8655466
1384547
910391
1769244
1426096
6398204
9304181
145325
3678891
1291816
6873367
1394011
3234329
4317378
1713332
1662197
3817190
6389989
2901095
1961681
5446306
4474670
6475354
3650992
6719561
5830613
5826992
7148981
3376778
7315892
2909585
2979758
1364327
3386093
2540063
3713830
389053
5890308
5225523
2204345
133650
1822895
1199695
6925013
7184386
1716000
2696861
1108123
1807650
7775821
1404282
2318865
2436847
119358
6398912
4124943
1201338
2535970
8804012
3854090
5191385
7518808
2847545
2298046
3220062
1350359
2355755
3345212
993142
4356000
8438988
1776687
3221706
3493487
376345
1128851
1966339
6711067
3450386
2535073
1276675
8431365
5940064
4330934
4594686
3266091
7820084
8833357
5449495
7895221
125524
3376376
3828385
8351660
4500795
1672792
3631625
8770503
9187193
2329647
3674939
7243796
1720209
5827459
1430354
1516587
3509924
2996589
192775
1181329
1867687
116569
1350366
253840
1984306
6137483
139777
3710403
1846387
1376844
1492753
1781679
282766
4445093
195207
1517597
1353449
2830722
24072
4913880
2679334
166086
6802413
7894842
2607227
1450396
8400455
2381056
1534719
4548982
6887532
5457095
143156
1224438
2262598
1186886
312711
6526395
9396618
4855482
1487925
8360665
1528523
1992182
3675791
7114761
3650814
5329643
131257
1720845
843246
3194551
2862924
2159839
9558087
2320301
3615106
190611
2107385
7765844
1990545
1931677
2430110
199106
4493595
1854509
162656
1260539
2330722
1178411
1446185
1534502
9576816
1193957
1862774
2717188
3353302
2696752
2509133
1218736
3654562
2800235
288770
2699434
8622588
1249060
1312630
1971737
2792147
9384505
1922809
1552530
9432752
2348803
1964712
1105450
3871973
2570351
581370
1929663
1731564
1959397
5337975
539155
1795763
4435615
3695078
21486
3408740
5496538
3125345
5452120
1336931
2527505
2834971
8640573
1844786
6553290
7615675
1986527
9587987
1593403
64927
1654878
3404582
1332544
767540
5496905
3162810
1768077
3921337
7444665
5769123
1499261
1376502
1738065
3692389
1302804
1650063
154722
2279113
1204751
1223729
9530516
1998077
3533985
3908855
1520439
4893766
2222455
3517076
1348026
178317
1692250
1846277
1280753
5496750
3132506
3787855
3474065
5114331
1632199
1960761
4230472
1644692
7126119
1251951
8283169
1623556
1378015
1480488
2502914
2411834
1849181
184589
7172583
2497163
7625259
9720311
1127998
8796762
5901227
2313871
2204782
9657545
5112676
925975
3594271
1641166
5154347
2894124
488935
8728189
1398276
4221631
1797499
7814491
445073
1933745
1223541
4228347
6219376
3420939
137298
1838446
4465674
1220350
342605
1258832
2307482
1817743
1476639
2321274
8800561
4848068
7665539
2293151
3145112
3146263
6190730
7643067
8359997
15662
777755
8594426
1579573
4501899
3838360
2504942
3578472
2797821
3457857
330041
5974295
1402473
5715686
2646833
1675204
6531604
4720484
575234
8899297
1769658
160145
1602701
2344397
7624515
3623298
1958386
1873955
3910847
1577974
2312921
4139019
2950378
2851633
1265571
9748469
1588944
173632
1771588
1380513
3597250
8712434
3454800
1601364
4396476
1166976
1812117
1273810
4328081
1120309
2636630
583997
1883286
3573187
4173987
1761289
4630448
2667070
1249479
5111719
1200028
3251336
2536474
5936547
9411653
1291181
7489897
984427
2287908
273069
4929213
2911437
150329
7542345
1426756
8933116
1588817
2223154
9257797
3857771
8437586
331655
1439898
2158530
1874565
3227650
4868738
1929123
275407
2646791
1676448
4369314
4391415
1151945
3126884
1994444
1760033
4834505
1180019
3550522
3431894
388870
799848
233828
2582920
9397821
5310792
4449868
1243112
5791382
4817567
9192401
568352
587014
3587782
7201601
8773658
1266231
4446767
2141266
7284771
3267650
3703696
9590442
8206963
2304630
7762087
1218656
3467347
5829950
4372031
6202900
1482015
4916695
1628524
9996349
153393
465204
1383828
6274912
7353994
359620
3813715
3111255
2331727
1727877
1568557
2820709
2928391
4438105
5401502
4663980
1213967
5606617
3505558
2286859
2789655
4386924
729045
3611558
5384670
7108328
1160112
9769477
4250436
4220214
5640188
4956028
6377971
3882698
2156318
396166
7568438
1915357
9419080
1647981
4488869
3667058
1483277
178838
1630695
1880638
4558080
2555893
7421593
4351937
639706
1332273
5299725
5110300
8784889
9434794
1119520
1499660
2649473
5182785
3261477
2630983
7836098
2904028
2561237
1643277
1672541
1858229
2651785
6274880
3370772
3667216
182492
3757741
3170041
1734982
2845520
5561138
3321460
6625371
1530756
3560693
1283264
1578668
4379563
2391732
1731503
7783741
4853278
237365
2922056
3346046
153928
1740894
7316561
9496638
6939172
1364094
1640728
2756559
1996120
9217525
4869881
6250203
4388618
1319022
2300607
5376463
769635
1752308
3432183
2785505
4520870
4697732
2528632
2185642
2755564
2113459
1449015
3618769
5522280
4644772
6982063
7685202
2810002
8420494
3243635
130142
1721145
1344627
3510515
6243175
1755045
2640606
6200562
4721823
1635743
1250756
3817539
1246049
5617570
1872257
3429565
9630428
2640936
3726448
1902788
1347182
1433861
838485
4825178
8341392
4385438
5107237
9833687
845806
2545148
1802357
8220149
1529728
3649398
1386629
1115980
1507005
8818484
1620837
7635634
5512124
5879074
7425250
1707050
1964857
6225807
7121742
225216
1104351
6538885
3790563
1742387
5396415
6704492
1106036
5116636
7634537
1929996
1170993
1346942
3586418
2318623
1133397
3526549
4328890
3183420
4996832
7153595
2444207
8868334
3955053
8484875
3193563
1236546
5970870
2780796
2610650
2650098
3876861
151726
7336989
1607673
7475130
2875467
3950406
9546704
8592920
1309890
1105416
1113713
1236404
8462939
1850314
1440958
1708594
3965828
271567
3388165
1726766
3725898
2716677
194144
8618014
9273950
6849533
5879388
3410878
1680400
2860348
2214229
5621471
2225523
1616783
1317722
4890688
879321
117011
1598521
8428146
1501914
1896797
1198357
1172658
5749661
1673730
2648066
6998771
144968
3935660
3429333
1294931
4626389
2740727
5615566
2823695
1329261
936859
2310629
1727438
3874455
2127849
9752003
2488497
4403270
9622334
1548565
3195159
1620777
1266812
5450788
7716344
2790882
3856542
5168614
14065
487106
5302066
156707
2609789
277099
4669533
7298630
7395191
4913887
8203221
1177808
5783896
126261
2277123
295219
5135692
9295077
1221117
1982625
7970110
7168267
2738966
7331016
4279636
1928987
1116279
4291951
2870182
3604127
5119621
957800
117754
1783729
1395848
8989017
3448429
5270059
9469697
1999888
545438
2375596
1263729
8487020
4476232
8654633
3241249
3330190
3839381
5173754
4894128
7470385
3928223
1379594
7783126
1942511
1260229
2654228
4605815
8140829
8944425
5648037
7896266
7843258
8469029
4349372
1876519
2160589
3294651
4798669
455017
1953843
1900027
5627122
5660275
2609171
4813008
1735418
7453150
4179433
1932650
4972959
8137897
8576237
1653256
5808080
3577912
1328205
3202091
3144996
4630901
2382961
3133620
2989751
2725245
1381932
3633120
1687389
3153524
6287849
1169019
4258546
9829948
6153671
7953304
1626879
2855105
2819439
344819
1835095
3600706
3960214
130710
1264918
1343405
143322
934856
1256208
3919306
1786752
4793291
1801564
1280478
2771095
2129766
3639695
3671826
1497520
6944091
2994611
5880674
4405373
2677948
2858130
7133414
1206683
3116593
2953067
2488058
6337038
1277104
2381954
3245734
3689336
2675832
3839472
6159233
2762937
1716065
7413604
5373196
8344114
1271618
5409500
5342896
3636393
1510729
6558606
3816274
7426801
1287321
2203628
4515668
2326017
2836599
2288462
547386
3906142
2954970
2291022
8465012
1646381
1768591
3298963
4684227
1348195
4297337
5112223
9949509
7450719
2780870
6399050
3423442
534708
1464567
5941719
5335376
2967452
5486734
2807714
7237721
7816956
8737956
2836124
1894297
1279619
8354897
1784463
7665210
1719712
7942461
1129527
9543419
1202547
5138719
1621692
4881550
5630942
182396
1862342
4949933
4346960
3756531
2282919
5315268
4761426
1730711
3236809
1988207
5752580
2552272
8247622
17885
252059
2671349
3427720
2757433
5155781
1635345
8181893
1622059
6123065
1669226
241815
5793868
1650485
7826452
1282040
1348445
1680496
4519167
1422450
4126781
6360242
5653401
1271363
2155208
1199952
6470506
4817594
1373757
1223154
4869456
17509
1268872
6400735
1659187
7899138
3428616
1410572
4569956
8164741
3538526
8830205
1349169
1626752
1634646
5366352
1844783
1190378
897243
8475079
2762675
6913590
4314669
1555958
1172025
6313835
6752874
1213152
3526877
3995172
194684
1129038
2951085
1574401
8703537
1923255
7473543
1763294
6970763
4199903
9998056
1674355
1927535
5212569
2922403
2564462
8997308
2187119
2139375
8456105
1697191
1574419
6866130
7399369
9991682
5660640
1321346
1686317
8450071
2470594
2422456
1617052
2225612
2828011
1640406
2905958
1315003
6539707
1419291
4351467
4161908
3373658
4167890
1696134
7880048
4499664
9519407
1837435
1779749
1390458
1755575
3973265
6713476
9775179
1401171
4589169
2483111
2803418
1850061
463027
8700302
1174780
1943409
4405254
1148146
4678560
1214876
415714
4814234
5847728
1465104
1994753
4146717
2253634
4823150
664348
5710111
215204
3193008
2999975
2441076
8448490
1480457
5929058
2267893
6900676
3813359
2236458
5624605
1540703
1629755
2559033
7928623
1278460
1105043
589984
7815359
3897539
2482475
411997
178451
414454
1708205
1923415
7262341
3707353
7263490
7425044
2368624
6143033
5125031
5535778
1534863
3996079
4410470
281513
1459202
2495977
4134815
4278056
8147709
482868
1980941
1601522
1389273
1503446
8997125
4226947
1954525
2850587
3873747
1942209
7504714
1433414
1891926
1252794
564374
1166245
2756213
8353775
2170090
2600210
2673370
225704
8850051
7798942
4457123
1887363
1808791
230014
1557257
1817573
2358801
1338371
3517710
1986303
2162794
3982801
1167920
1426448
2414759
4952116
7105284
4378555
2526734
9852414
3739612
439476
481028
326570
2119972
2892251
2993256
4505208
2541806
2889824
5841854
9978628
1969900
8750248
1271759
3133672
1244583
2639374
2611969
3489884
2797663
2286039
3245773
8258985
2240901
4171874
3108501
4465235
932584
1307690
4466064
1207604
2381580
1217804
1304835
3259558
3154294
1257863
1104728
2820247
5548867
5112651
1205718
9989517
894707
2545165
7795453
4953023
8918049
4974799
1765776
1160706
1490054
3438746
4751969
7183183
3451235
4665731
1237888
5221132
1639911
1834869
1905945
1600243
2536721
4391063
1716160
2526813
4454441
2789749
3378610
2259773
8111023
4953341
9578361
7245894
4946126
2310774
1300715
6379772
3199548
6103930
5654945
1290669
1457162
2479402
4417185
1297545
4786264
1903242
2254349
1513926
5148769
3732507
2263024
1912447
457545
7171910
1240403
9547761
5544112
737171
2258508
4823424
2119033
2641748
1176579
1795666
4293083
5266332
1712807
1621327
1218269
9518113
1596055
5961887
1754540
4228711
2240042
3425307
1687503
1690246
4856051
4678620
5194512
6453535
6171144
2682578
2650037
233702
1760159
6455438
1457087
1953974
3488519
1652259
3282663
4623984
7440711
6352410
2262908
5247499
2183185
2561391
1463231
1561313
1454414
1930199
1687263
4310938
2997551
2898272
5341819
6586049
682759
9781123
1118508
3471303
1823156
2481624
117900
2433205
1736236
6142028
3175419
1300964
2802710
5474437
3128323
2650031
2530222
4771415
6152969
3482228
4834325
1745531
6740416
224280
1581342
1145414
6586600
1956781
1932265
6872227
6317481
3963162
2329123
1362938
2122419
9569329
1199737
163219
1669376
3642853
9510064
2522727
820776
3214679
1685122
1337936
1704015
1263852
2361842
6520748
1544022
9332617
161242
1877379
3162777
4297844
352478
128734
3845042
1981475
4777385
1778596
9549444
7670756
2996721
769847
4269319
8156581
3159607
8369189
1628571
3689818
4816865
2364149
4498436
4252203
1770706
1654798
2506397
7680800
6863110
2706465
2243606
4449296
4595042
134181
4930229
6366493
986956
7861796
5572255
3422894
942066
3745249
8343451
21903
1155192
1133348
2166943
8359142
6474188
3252346
6101759
7395728
1536817
8420219
9232152
3563938
1657484
3242795
455585
5851166
3676580
159816
1570733
1973003
9597732
1269058
3185070
5555226
1622225
3124446
1748626
3915537
7709895
4181812
3928217
269328
9266235
618119
8963749
1400948
3122707
2511173
5959363
5845138
4584383
1590775
8217349
1702650
1334184
1499375
881922
7566754
3376519
2288006
8640833
4853325
7432704
2714889
1252054
2254891
1717308
449495
4113030
5614082
164862
2908900
1690406
8690708
3664689
1718849
1701684
1309060
1224917
1836065
7954640
2603770
6414330
4688934
1894344
2494433
513876
2271680
1217977
7440371
2399849
6851981
6802278
1527850
8571705
3417477
1864424
1540478
1661492
9126508
4507132
1831175
3760107
1863350
1244805
2371711
3307382
1345896
6665600
5170992
1344180
1539769
7177141
7792516
7194223
631364
1810259
6582502
2261933
2627356
5721598
5404603
4394843
5539474
7837140
2315247
2582881
1155617
1811974
138458
2626736
4919731
6122088
1319635
1654930
154543
9427153
1765710
9492093
2587440
1968630
2327079
270245
1811918
1589418
7497230
2448256
1588134
1172729
3536068
5421228
1638491
8197975
1636984
1808091
1777146
3498346
3468689
2815250
2749066
2675663
9159362
2471774
2427162
1336230
6227382
121276
2514029
4662981
5828986
2903482
2479683
264473
2995606
5403439
4312950
1809056
4767016
1688921
3553273
1548419
4328553
6572392
2798201
153529
4668261
1297003
2979327
2498145
1309332
6337828
6527095
630978
3467475
1705400
9944439
1411734
1712640
1754261
8975337
1344062
2923676
9721121
1596136
1432463
2893522
7369028
2541898
6372690
2263884
2819904
253586
984363
297922
2892794
2609958
2776262
3865271
142037
5874743
4916876
883254
1915072
2887522
8628600
8163536
1517147
8496338
4767477
1296498
1383232
1429248
5282589
1325131
9993906
7740613
2265185
2230200
2935726
1559517
6903260
3672656
2391466
7332670
3760462
960219
1920791
5543781
3809382
450342
1480798
1113500
842233
391780
2358246
1401044
8649108
1510807
171296
1853608
5560659
4765402
1373006
8464199
3780700
9697159
2425206
2817873
2779135
2565477
1370813
3299645
1249766
8550071
2778406
3341198
113534
2628551
1653560
7673263
1493443
2999949
2950496
4595018
148330
6222685
5380832
8147377
4100123
1728325
1943905
4130354
5488796
9405346
1884278
2445002
4195456
6842149
8665030
7356709
7193644
129569
1509270
7127681
1872827
4717690
6293616
2325476
2803692
1774616
5136201
1364833
4884219
6858160
167374
686799
6558463
4734890
2868999
6554729
4831330
1833423
3719393
3467378
566733
6723937
5432590
2179499
4573340
9756864
3272206
764782
258328
1648176
2821558
3945260
1364615
2741993
1138295
6443044
6747223
5961663
3236792
1930290
2345277
1172360
2683942
1604913
8608715
184147
7537694
4539316
1209402
6682759
2145060
8885591
2165947
138392
111332
9759932
4854940
2753908
670660
1318677
2473688
1395504
5385088
2496139
3747509
3749445
2246389
8699173
558992
227992
2101476
156748
1872315
1985311
2925541
2859478
1731813
2863461
2140560
1670663
7208219
2248311
5782585
1861397
4261388
3633246
9793400
8821000
1163423
4294786
6977403
1995660
2826930
1863777
7611132
3699745
3568710
2989083
1415889
1776788
145999
5354436
1279028
1256342
8767949
1389449
2774602
2459226
4623809
5732282
5258320
1702224
6734118
5817513
1956255
3128910
3410702
7905044
131754
6350391
2192863
2734423
2194299
3946322
1428663
2112975
5761970
1538846
231707
7934751
1204256
6770116
5123287
8299721
8343665
1809405
3830298
8858452
1927249
4964765
1737373
1879924
2549883
1505100
1241860
1279415
5665322
9227748
1989374
2968284
2307685
7865919
4890428
8672380
5547107
1914192
5686191
182648
1539759
1432451
2508621
369222
4201157
237599
1272690
560208
7661427
8641430
2842451
5159840
9318697
5667018
1633180
2573687
1713457
5450740
7721717
9105711
2627979
3394581
1996618
1390343
3240209
2814321
3413354
4499462
1521935
9471533
25891
2100059
1558714
7360807
6945909
1647306
4352620
328893
221118
1951143
1855167
2130047
4475438
2747605
4327408
6400540
1690462
2189260
1646007
9821776
1231213
4572093
7424720
181263
4352529
2513903
1952063
1954011
1936557
645325
6493806
7497805
1334413
7445773
2909898
3343153
4824602
2832014
7391034
431919
3480336
3425605
6640512
1243874
1384204
9294763
7405437
1565418
1695297
4996743
1725669
147818
4857258
9877933
7176238
7445219
5879684
9720707
1823354
531841
4207985
5520492
7530979
2511505
8415454
1418302
245730
1175975
9303002
5735208
160988
4489109
5790825
1552804
297547
1315543
5165770
2684496
877442
1915579
3737822
1449016
1699180
1165742
5341961
354429
6617014
5723202
1225883
2343774
3510629
5797918
5433902
494053
2210303
4347431
1789927
2666534
4559263
4662418
2773929
4897444
1264167
6909772
1992865
1961057
1800451
2528828
1254316
7722022
4602293
7732259
6903781
6293678
1323784
4384980
5116891
4905357
1574658
2502516
427069
2658211
1236638
328822
4228399
5112649
855112
9182054
5674067
5909436
1758001
2311896
4956121
5861264
1886182
725480
1204435
9248095
3315142
1243953
2490548
3225560
3427693
1346526
253786
4317019
2387128
3781628
3294564
1973464
1323736
15025
3613179
9839197
2816999
1597119
1638381
1505312
3441737
145570
295288
1694293
9384360
889549
3835347
4266853
2504373
2589902
1587007
4582016
1767584
161740
1485604
6255277
1254531
2827896
4308620
2221913
3382360
3503416
5639112
1265404
1493500
3478888
6186487
671250
2624872
2441695
2425828
1673764
6505994
1883399
9578057
1686862
4241454
1762039
1900229
1398552
5908823
5206250
3505607
1901609
1384154
2516135
1930158
4994225
2892161
3319267
4546458
2164921
8111342
3573745
3718011
1749242
8989880
9279417
3517851
9276271
5207430
2851043
6819460
2804148
4932302
2574626
575543
2707227
4388914
3289910
1253549
4821225
4521371
1896580
1622760
1422666
267082
6109364
6506141
562127
9780680
3688035
8647961
4812972
2120419
1810283
1165247
7550072
9792495
2890611
4684345
1278165
2880144
1321617
5157870
1337366
1231073
2655081
2984742
1683363
3512189
6683153
2609975
1153263
4383042
4651281
8924255
3633538
1996553
5786932
7752366
2522991
2214237
128546
1467213
1710423
1310945
1238987
1595792
4697430
8637087
2664322
1762092
9642319
1360587
160042
1282292
2350559
3489287
5478507
1579101
1967674
3398161
4264583
1833222
344027
5710059
7341328
33467
1707852
2590293
7213874
1564383
5631466
1831788
1275875
4995848
572545
2483672
587354
1455817
1324537
3133109
1375560
2900262
1159635
3342630
2464140
2719483
8291240
1513540
5447856
224654
1462716
3322373
215495
3998234
4672040
11132
3864729
1563765
954003
3257455
6533990
7710303
1432712
4289873
677512
1607791
2710463
8395279
2644999
2949182
4189626
2614771
14244
3515470
2898370
7651718
2223681
573555
9725874
2645965
5567494
438790
6231481
2723156
3163687
2469402
1103026
4428011
8183167
1765138
4515486
1764772
2642421
4618150
6252901
2282504
217440
2157898
6705640
3256218
2139367
2589765
2225333
1841143
8121192
1659399
1249247
640679
1635152
1311967
839488
8284229
4659797
5386753
5139727
2496651
139499
2475007
4409619
3804371
1387432
4376174
6165436
1263166
5178687
1113130
1804573
8137389
2275749
110034
1409111
2296118
1389792
1187854
1392348
7503223
8696754
1664955
2996068
136818
2205061
5180725
5243255
2192147
1794156
5520287
2954005
1737135
1535570
3570684
6465797
3226310
3903212
8823552
7951533
2760586
1868445
328311
9422061
7575244
4728193
1948949
4929473
4648524
3745160
7304552
572666
3337644
1759013
2615356
4501258
4967103
1942352
1632480
9310489
1163205
2464953
6465609
2825067
7395454
1801047
8592648
5165660
4551143
9158976
4307639
1520346
2925786
7302580
6440229
2497440
4173727
8891699
5901955
6432575
2501322
2418748
1311823
9722352
9509990
9424356
2180648
3845349
2966793
2113414
1527408
3217799
3415574
9669849
1791024
3221991
459368
2260611
3284056
138238
1825865
9922848
4908359
1619202
2301746
3829027
9578120
3753789
8318305
2964679
3780181
5364984
3147677
438040
1453119
1602698
1284584
950051
4337190
4751887
4329578
8469111
2756059
2856676
8915439
3609468
7363352
1829686
7513031
1813897
6838453
9411099
4853573
3113711
4973971
1375364
2111827
1156239
3232736
3149600
1558847
6695695
2609800
5542519
2881101
8935119
3750973
2297009
9734757
4131748
1830936
1468661
130893
8150800
5820978
5806966
2464415
1395988
876456
5836149
3923049
5685268
7829672
5759337
3434219
528543
3617589
9894608
3446116
3469192
2617103
6167398
2776707
6464274
7774796
2313305
1965842
8739968
755540
5108544
2503308
1291899
6623760
3674368
4338178
1481407
2730345
1670272
4406901
8285432
5712623
5526134
1610869
1242390
1573698
6411671
1875462
5454201
6310408
1472610
1279005
6478397
2580666
4971304
4312412
7496478
6287405
5157731
1372195
7853348
2476828
8561946
3973821
7108132
9567240
116031
5391710
6863140
2506263
5671098
2242055
310447
5578714
9168722
1278260
9324941
9866154
4956786
1518183
1762658
1182729
1472197
1600247
6961454
1499319
8453335
5385415
2988155
9833464
4229092
380272
9698485
1506127
4796845
1173770
4707942
1374603
2180822
3452969
2754565
941946
6876152
1181942
2521023
1288452
1630058
4630240
8863052
1371105
2708998
7341345
1571380
1851578
8699249
9420239
1715721
9325754
9244969
9426646
4569297
197062
1765276
1239577
5947069
8666685
1763810
2217682
6660839
1136803
6197118
356482
1505130
6763563
5880092
5832635
6117967
1739170
1562455
4364802
3683018
8157800
1730206
7768160
1574264
187429
9266327
235682
4250894
2989939
1491789
1267736
3555896
6610428
8953872
1717111
3904249
3981096
567571
1554965
3985415
1109103
1172712
366764
1530909
3424951
2237964
1613957
6876300
1546050
1344533
4171091
9291927
218884
1233065
4174026
5369269
6344036
1927823
8707407
9527175
2539767
1978672
1678532
6374863
3282182
2988705
1676806
2247959
2992694
9916035
3646352
2578954
7597057
2994724
1343542
333606
4878820
1290688
5952939
2849467
4638553
1587443
1843674
298784
2406646
3915093
1163242
196687
6638572
2596177
4575012
1768349
5808407
7635318
5232498
7382855
5136634
142096
575492
2922362
1341485
1785330
1899401
1244142
7936774
8612275
8313383
1839220
8143438
1750001
1291235
3707844
1845467
9462726
1661958
2624006
4552776
2550998
5252285
1716810
9247842
2299115
1243043
7872101
1840454
2637580
127275
9351019
158620
9733421
2740810
457873
7146600
9687153
2488621
1119828
1568267
7146009
4667921
9494633
326646
6331125
3416844
4315378
3227017
7254136
4637904
1110053
3283095
9948779
3653587
2603600
3506622
8991594
3271585
9886079
1514495
959648
6463022
4798991
2980018
490572
4457178
3824944
4769158
8890657
1124865
3806499
1214161
2721995
6563036
1343635
1702124
2307900
3907729
6200868
2857726
6769756
3518717
3663411
7540998
8357798
990781
5393690
5542266
6344147
1408401
6997933
6311595
1713874
7244095
4223980
7358736
7581756
3362636
236656
212021
1239211
3259575
1469222
6464472
1104705
4531029
6489233
1945238
1685753
3661481
5699283
1685080
597245
3641702
1433013
1323617
9337858
9300274
4412902
5952117
1373009
5378730
8713014
870637
1469641
2739710
1723401
1608604
3855514
6902705
4413166
1277379
15984
3981033
3489733
3148540
2674262
8722686
295661
4369621
287540
3497214
788797
3918908
286329
1268140
1977851
1766091
1404033
2334169
26982
2660948
6165587
5572767
1864954
4178242
9655941
6985032
2507064
1316021
8498997
2539784
2357025
1640361
1956720
3699987
3879547
2802707
1225106
7608875
2505223
1144026
1108536
1959429
9541571
1818409
1217485
2517344
4894259
150589
2310721
1187229
2640018
9593449
3153765
5168861
270647
3732337
1285692
1689890
4716653
1646595
2577118
4377640
3272712
8493698
8175712
2599310
5952903
1324176
2629116
1901580
1949146
4631304
2525821
1123273
5898186
1726147
3101322
2338993
968041
580097
3117575
3315064
1197310
1211312
6895104
3467554
4410386
4841241
1578502
1904267
1794606
4798778
3841126
6658855
4447994
7836687
6863695
1145426
8420964
3480769
7961269
9610435
1164975
2312834
2587478
1332189
1917513
1720324
7859494
7371112
3713983
3884210
5865189
6848723
2321781
3559004
1880919
7516291
5480407
3513756
753070
3534928
6276604
926479
3416696
6931643
1153076
2440158
3776494
4782436
3775371
1959036
1232529
6233456
7383296
360488
3140514
3377533
7412051
1330589
3232587
3171685
7833627
5814119
7596146
1899449
9487332
5379041
6340660
1664242
3666575
3169053
661829
3718417
1655861
1941521
7168744
1193704
2555001
7891987
1626689
1639237
2541801
2480414
1718402
8637340
2480882
1745331
1798073
8127445
8857244
5903869
1728525
2297513
6591979
7856742
8227653
4152135
5518607
6728867
262731
1997914
1142100
9231244
6227287
1320890
6692539
3858065
1637970
1382917
1773624
2892457
6671805
3912209
3659046
6259234
3768705
9884972
4809109
1384398
2476770
1557875
8981988
4224869
9935299
1389188
4285774
3605983
6108064
7630111
173799
914374
1575180
4293969
8615094
2608384
3823641
3199997
596519
1769065
9954993
8237023
1452300
7684728
9523654
6116001
3714102
6681953
4433537
8419844
1912687
6166014
1916039
6811464
2997631
5753011
114563
7830902
4317912
7796144
7616240
5473884
2686783
8342796
1443143
1813619
4336465
8410471
6526396
9627410
1138578
2340219
8481550
6515095
1445487
3341167
3839340
8763679
2168315
4308453
1114393
4972304
2185711
5785262
3842969
4336170
3783702
1572125
7842956
2536973
7480439
8518236
3651871
6553677
1809191
3887137
1314057
3290270
1775883
2110065
2594366
1785134
15294
5726533
4123558
5538642
3363227
4563828
2312349
5952928
7859906
3899454
4138911
2286859
4743091
1540904
1537247
1188710
4358753
1410833
1690747
1271893
5516327
5340433
6568959
4296742
1176650
3247087
1589390
2743286
8667267
2458050
6653655
2137592
1582793
9822425
3545594
1714235
5311498
8859222
2982290
2654477
2563452
2469763
1887637
7319016
2112507
2357984
1333119
9991102
2752637
2303001
5507365
4724000
5726411
6863786
1343070
9115366
1893960
2130803
2140096
111744
5491351
3479633
6542285
5644253
5487536
2968420
819910
9678371
338578
141899
6958460
3267198
1338173
1488569
3141177
9665026
2807784
5426766
1330384
1805169
5688427
1206681
1121595
2862070
8996263
6232654
6574284
4199883
580816
8573476
2842918
8368858
1593568
3380263
7569950
1644752
5677121
4666680
3707144
5925617
3924676
2235534
8640347
8356254
4294914
1172079
1748278
1395399
1372653
4421383
5916387
7428729
1989426
1153492
7336245
4323799
3246602
7107784
2868904
1629490
3738275
1325395
6915916
3717497
1908975
5415148
1299507
6316257
8611809
2361330
2644175
986391
1616187
5353559
3652002
7640670
5636856
283792
3189274
5927591
1835294
5568564
6818461
1607257
5550951
5323765
2566182
1532497
5602685
5994492
6525988
2507090
5917497
5202180
3326926
17514
2697149
186483
4817273
3153312
1774015
2671901
6357707
9322743
9387887
1157305
1350990
4128171
8918780
7433463
590463
4376217
1313513
8364390
1621220
271711
1760159
738982
3112703
2700355
7714919
3714756
79810
9779451
6712855
1850512
2635313
3459182
3927952
9535372
234178
6496765
4761442
2721881
2950312
5710375
1862285
3549414
1188789
2596386
7816297
1301179
116084
4217893
227001
4588619
322334
8666357
3370312
1550280
4709874
3531623
83756
4753210
6442023
4800751
1656555
1557662
8836437
2262609
1166098
4247503
4669024
9427536
5259606
1166584
564633
4745762
7314914
1185032
3441295
6581876
619012
1370133
4193971
1296844
3423465
1101244
4554040
8427617
1198435
267889
1152031
188976
2706753
9531983
4291108
7152275
4152897
9411412
3973066
4723410
1778609
2974991
1357226
5251970
6951303
1934114
2560836
2330662
1848597
1392910
2893838
5885253
7268833
9384517
5133398
1617916
6620994
3347664
1274364
8227527
4712939
2279140
2275059
6343524
1897510
1346768
2457330
7976343
1799200
9234452
1425894
2459749
9364535
1423955
4363426
3177701
7302957
1778846
4897579
4559509
9909109
1290836
1188271
1168643
2460331
4849735
1122814
8958565
8943103
698858
155685
567995
6218381
2754216
5400231
7508090
8833337
140169
6261709
119829
1185108
9568846
2920243
5380910
288279
2809851
5580354
4866086
1491053
857741
4243407
1942913
6953694
2750690
6869013
1694865
5159865
1381323
2430571
3281824
6105997
6166156
7529261
4983254
5110743
1493238
3818715
1266632
1143850
1398804
3857953
2424509
9187951
1446292
2278765
8335005
8526882
221326
9924479
1791720
1843078
7852001
6972481
1752395
2509208
7430212
1832198
3854417
4157195
3746209
2317300
3525608
156073
5239698
2786535
2936523
6914019
7559007
2190840
2677886
2855682
1154436
1778934
9969348
543109
3379482
5506887
1655359
3449487
8539094
1445155
1868056
1236818
116139
3323245
2311997
2905231
3216531
1697688
9405329
1989770
4429443
1862672
9146635
1175626
6716581
7753122
7519520
4260966
696681
2881557
123911
8154734
740766
599754
2438559
2933385
6898974
185896
5700625
1382757
1958707
4749652
1448519
1621749
2644910
1198144
4688109
6237070
5594932
9361681
1513143
3255007
3562108
2730988
1259192
3400669
1994196
2157446
1757021
1937846
4601232
1909756
557569
1225915
4440926
6237146
2664343
1362934
2850830
9156518
127308
163340
2511252
2136085
1223544
5301108
4940135
1635293
1127816
918628
6507200
3759971
1281259
1970058
1188002
150573
1480810
1310147
6247053
9970664
1988002
7239622
1696914
1857991
68453
438657
9565709
3739442
923580
1639726
1873054
9434045
2846850
7114370
8556583
598194
3900921
1750792
7464576
1868928
3992703
2798653
268378
2724994
1953250
2456479
3505408
4844381
628846
5352558
5983971
8774114
1201449
2743912
3510317
1329279
6846909
1553338
3958640
2539975
6450608
4371683
2170521
5787155
4130553
16430
4640962
3295833
5443330
1525774
7174660
224274
1925563
1885521
1664522
1471584
3445484
1345872
5607325
1437397
8504324
3932270
9579408
6819922
5105112
3130362
292942
6763545
4361117
9859071
7237226
3677256
5942170
1757460
121599
6550957
1445768
1580471
424786
8280940
365244
1612335
8789724
3227595
234578
3870341
3927508
6539046
5501551
4371642
6429883
7929041
1239690
4448360
586196
7422195
6331305
3268495
2659788
9292501
1602905
3411165
4274793
1461063
3257237
2226620
8473084
7591320
1375883
7338054
4825862
5154503
6421902
1772579
7654239
2287498
1907235
2522668
1599440
1846439
2197472
3640831
1190981
3132301
8587949
2945115
2764108
2484462
1374985
6418748
1684549
1434124
1668191
1573559
7515401
3334949
1904497
5944472
3988282
3217446
1872378
2961308
7497415
5479076
1818172
3918808
8871098
7392989
146579
1610093
2367472
2949613
1463201
5609716
1863943
3607539
1551921
4866110
4618538
3122836
8379711
1943922
3483040
1485825
9493716
1832514
760795
2827446
4162577
463807
7767779
6135436
1908812
2144464
1934606
2776416
2860482
2318521
2762543
1187290
3456834
8847252
3611353
2772524
43489
7679152
1952750
6129665
183
1121561
3781479
8944041
2146742
3812298
2252660
4802740
1921499
4888238
2129859
1859669
7167649
1343994
2267510
3249110
4472066
1640385
1684961
5128395
1489132
5145061
7650011
2297381
1384050
2462928
4654177
1780627
988503
2869843
2664291
7745023
3731307
2908338
1526022
2110250
4191950
8362923
1707084
3868810
1781010
1213175
8320476
3480285
1492152
3735639
7437592
7254678
2506751
2712264
1114351
9914356
1853883
2557601
2838417
5116503
2488336
3607559
9156145
1837339
7912154
1363802
4716454
3342470
1424050
1819777
174489
5154720
1104563
7532189
2303323
421217
7752955
4394510
3697976
1267458
2455881
3399199
7438764
4170981
3946827
336454
2369911
1511115
4619471
1199468
5235076
3933774
3124328
2616965
9322017
2983328
1926329
2910758
1927883
7944646
377611
1669380
2519336
3144690
2229616
2591330
6557941
4162399
4710189
1344870
4471793
6793895
4384924
2379755
3388846
1337867
6849751
2113569
4249401
5589084
1281285
7611261
5165538
344040
2157838
5708432
1534617
9599439
5882382
590982
2930576
588430
4394309
1308393
2551607
1861589
1457949
3896750
1140175
1837787
9447841
9701812
7851515
4634137
2307492
4992050
1852838
4539721
2500932
3896115
7304906
4812317
3521809
3638713
2250482
1993039
3158154
6938424
28971
267467
4961394
3581746
2404780
8865645
9923344
2570859
3839710
2577428
5587859
1270435
3408816
6190629
1623351
6955374
6619425
2637740
3185655
3475782
2629092
3903577
2985866
7145965
4278628
1523959
6930274
7631410
1778926
2558166
2552149
1688240
2833015
1867966
2237262
9197467
3349648
3463639
197600
1118478
288476
6138384
1520407
5438682
6446485
9261565
5312526
5745854
6909640
25472
1552113
3227115
5791835
1895628
6616592
1387697
8190751
1792539
7958413
1600895
1105762
1184296
397031
2426190
1788760
1254663
3334015
3389028
1980188
3615820
5345146
997246
2424024
1624939
4878936
1306945
5321129
6415906
1841884
1638276
569455
6443068
6986740
4514547
2625628
3542825
6974158
9784783
163927
3749391
5763886
2634125
1605288
2590720
7846478
3636826
7849001
457884
2857295
7374000
3900942
4797757
1747147
1923616
3580274
1608157
4628781
4656264
1635103
2328219
5959649
8278743
2136986
4727446
4283324
1303151
5120112
1327136
9868393
2348382
2819037
1562503
1872302
1573782
7433472
2191942
1488482
3659969
1455796
8789751
6919899
849811
1933032
133204
2102492
3207366
1362319
9472772
4624930
368362
1208849
3790741
4900376
521516
3168440
3866330
1232590
2867429
1181973
1762559
2259376
3902632
2551516
8341760
4761759
1622769
356805
884116
8547938
1470093
7762426
5636731
2902693
4348996
4984449
2462108
6932711
5835008
3717210
7290931
1142259
1822579
9662996
2688285
2421790
1183684
1694910
1257100
163452
2607011
6560478
7653324
1239928
3935778
7841531
5656672
8422678
1773647
4646643
7602470
1787239
3164112
1193987
1740001
4194604
1396387
1185028
2782584
1778867
3513367
1407176
1738446
3125684
7510126
1387885
1526570
1309099
2230728
1799479
8548242
1928175
5134037
3446236
2106318
2320600
4381096
2199757
1326059
4964064
1207445
1370132
4328665
4472228
1328286
2693504
2764006
2462675
1503304
922085
7536282
212704
3968113
2129459
1866004
438747
595769
1957154
1183818
8616213
2767752
2323626
216034
8641339
3336632
1385536
1591034
2218974
4138817
2441999
2709908
3730960
4337041
6264381
6568762
2676801
3191521
3298133
2453292
5839352
180809
1228777
6393373
4186139
2229218
5229666
1984545
3840191
3348007
7185726
2638194
3383065
9495787
7453446
6391827
2376206
1919776
398623
1324635
3560798
7806738
4612687
2987284
2407000
1672762
2486643
2715572
3548460
1838898
2976243
5979581
7652597
4415014
725790
610792
155549
1646763
1921600
7498776
4620003
4275301
2624394
2119819
2265038
2113205
9375827
5384520
1840927
169711
8252944
1201857
2204352
67128
1746776
7655911
3877680
2526396
1318448
1666315
1344044
8107875
4867333
1898795
1495900
4367568
8815996
765266
1897574
9675015
4623649
346843
117254
3404043
5852193
4472080
7323441
1383167
1782153
4979742
9292223
6479052
1868435
1741888
2493683
6730017
1251478
295866
1624289
9921984
6483067
4691695
4502060
2697829
1324426
4721597
1136961
7106309
228176
1320367
1763906
956021
8948501
6951549
2643458
114107
1783309
3267362
1703388
5997488
2180858
2459153
2700543
1345194
136929
5146357
6161478
1488733
5838421
3766849
1385663
1640098
3711530
3978040
1581264
2239211
6462821
9141908
6224749
1187839
116263
3857757
1921475
1455186
5566193
3927291
1257852
1493419
484265
3362869
3472439
9444731
4748028
1193546
2340069
1711890
3756538
1712637
1676806
6784787
4497332
2668102
7702746
4146947
3552185
9128586
3738730
7966481
1884597
7522695
181163
9850030
2800822
6586832
4951594
3516940
3410677
2666009
1203068
7775019
1589825
225446
4190515
6992548
3969693
4526605
1877771
3582165
1889879
4988217
9629255
8880694
3402412
1327067
5424777
3548525
1597559
9109024
2287974
4859356
8592484
1998421
7412396
1160699
7444021
1578834
4716433
2252082
2477278
4896522
1913603
2716605
1337792
7889669
4830175
1742787
3305109
7797317
1376319
1228659
3158712
533097
6280752
4486237
6227678
6820954
1840104
4424574
2466425
5397878
1969616
2878532
6358430
9969021
2535605
6510965
7344574
5127029
2943527
7491850
2367691
289252
7847669
6139613
2402171
4776449
5400409
4992241
1886366
9739787
1205614
278099
1579232
2987075
1233025
1643047
9847015
1110548
8845005
3514982
1419116
4256709
5603352
3870572
6572485
250030
1102426
1203863
3434864
1826005
1467551
8509262
144392
1767750
616651
6176075
9787039
7497109
3929661
3799605
481174
1148244
4572310
6170123
9584584
9960475
1735176
161866
7711690
3146520
5601377
8465852
5536415
4897811
1772885
2400143
6747618
155230
486957
2433229
6652701
5999469
297311
312200
2631768
5157073
1656475
2282222
1180605
8862239
3292634
2801652
8151912
2393254
4102465
2477924
1767167
1147908
1275410
4811130
8276418
382310
6196147
3667224
186326
345313
3943760
5167968
3817029
1890396
2782550
5872443
2552806
5834048
1914246
2914204
1689261
3889644
6107022
1439146
4292319
1710924
1602054
1108255
3359010
1982876
3202086
3737217
461026
3217360
2746768
4183361
7256594
8687151
2388285
3625221
334260
3921949
4355595
1833879
574751
5686161
4188582
1481623
2568475
2209540
2265287
3348362
5516216
2876985
6459563
6560168
6886654
4358760
1960453
2308239
2686667
2957308
2749501
3818456
9537011
2366695
1939104
5295518
197022
3874093
886684
2635375
1724109
5563333
4548231
2962791
7134462
4651133
1535168
2181279
4976977
9480911
5525532
3831179
2846680
2707362
1637621
8619224
2832513
3501899
794715
2354246
3976120
2307250
4420531
1836972
9674027
2616258
8378077
192084
134307
1700584
2803635
1924770
6784683
1832365
1345207
9550098
5235787
2128179
2867955
1439426
1191115
224914
1541270
7993684
1462967
2922952
674569
8284391
129132
1494623
7777053
3633551
9462289
3621753
2284767
2163486
5319524
5279396
5163675
2646719
4222537
3817979
2912524
4282708
1309590
3119019
6136654
6573495
2904940
3201947
6259691
4247618
3620693
1200561
9270080
125659
1181462
3314203
2452737
3190562
8289795
1162707
8992837
2737228
2625220
521163
3481815
1582162
263554
5149012
8620908
1930407
1101290
810281
8490432
843555
7640052
17810
7207228
9799300
4425459
1944597
1187879
7321131
3128873
7181380
258367
6371544
1685470
1436149
3919071
47370
2944905
1436139
133923
4713309
3663568
1893672
7850567
2751340
2245179
1511977
6829486
1112847
1485100
5431993
1469481
1838065
3830374
8722725
1902551
2668113
2822403
1835589
9304118
6559008
2786025
2387491
5324071
1258291
1474535
3944228
2717417
7819374
3279390
4689815
2436687
1630907
8492645
1649458
1510476
1179503
3700058
7382474
9272549
4813956
9415707
1737046
2328856
2608265
747932
2401732
4983961
5350009
1514826
3262553
2300260
1156333
1692212
9987165
3552494
5630919
4175776
2617443
2550558
238624
1983057
1137440
5207610
3588553
2220462
1304161
5703103
3427381
7429126
1214365
845182
1633118
1935480
1247555
5919000
3420137
4385762
1152985
2259006
2978513
8213300
5740701
3405927
1203332
4947501
6887068
6194939
3465502
61264
9807258
2329384
1928444
1215191
137294
1185377
3203990
8737797
7911202
1227722
1364947
2707038
1890213
596158
1870799
1714366
3291369
2147543
1383125
3509097
627528
6571471
5682829
1474826
9518203
1278522
6507537
7331155
6616432
1287739
1118866
1852745
7949209
4290009
474195
2274702
4324555
12667
3933659
1723246
2172860
117604
2800033
7184307
2891427
4729574
4199504
5387781
9896867
7194538
1637661
8955048
9265308
5770676
191259
1547130
124886
9492836
3342562
3911683
3849617
6538881
1640406
4667706
2263262
2467957
4779678
420434
4615516
1607508
231023
6429460
7631803
8441341
8847363
1892627
5898387
5415835
7158141
1332050
1426331
3726487
1736307
5581471
1919049
8802318
5136416
1379182
4577942
649809
2333057
1887099
1683945
2458585
7460674
3296760
1179717
4997159
1764581
7608203
1406912
1528572
4937712
1583108
234095
915148
1976040
4732803
4253891
1794730
1558717
2942268
3942519
1616598
9589648
3204711
4786373
2228883
2978549
3271577
190676
5970574
2963992
7538361
175019
1155564
1285745
6956355
1271588
4906952
2770819
2484675
1606120
9249865
4974988
167326
442584
1682149
1254802
191440
1346260
240292
1314688
8740587
78299
245429
1681999
1414009
5663962
56284
1936930
9592777
1417242
4185833
1599313
4437830
1783841
369081
8676184
6901608
199784
7710460
2661478
25139
5305127
1931872
871013
663241
5917697
13538
194132
2887047
1580312
5455062
6867594
1733332
1548226
5805752
4938218
2749064
120916
1504714
3919485
5606737
6856214
1429869
2534588
2177082
1752342
1219606
2935725
1623938
1390273
237772
4177530
3198424
7314825
9232975
2265559
1569264
7816338
2846102
352518
1578549
2294116
1409993
1891211
1773358
6142127
2570053
6971395
5451608
4375336
4246254
240904
5344096
1569074
2964128
2770550
6141331
9450295
1143119
6278927
8943312
4773216
9639402
1130409
1217892
6166904
1890358
7142735
4181977
3765445
6988712
6367530
2715977
1103798
5642021
419338
1589024
9619577
4275676
3710801
1134549
866580
5435151
1154484
2436808
2380785
1481532
3260582
2530087
1384701
849525
1802972
6938505
2503752
1444436
1891851
6881621
1515715
1100912
1280767
1721416
97962
6651439
2612608
9522851
4226131
2740763
1519882
1144111
1494631
1981488
1686075
1651847
1911055
1104800
1916961
1670524
213172
4245966
2591245
3169242
3849757
2449128
8802441
128395
9561796
2606805
7202084
3751856
1308175
3253185
335057
9161970
9976913
4231948
6757233
2555771
566080
4339196
5934930
5593401
8948071
1121303
3454330
1210862
4491113
168802
186368
5339678
1147618
6369989
4400099
1631297
6511603
196267
1371117
8726084
2205625
1583630
963469
5706900
9665288
7306315
4227891
240144
7593152
3674855
1838876
2864584
3880141
5416358
1792764
5372636
230556
8345207
1173514
1564461
1887930
3270843
1807043
3928307
3180709
2457601
2497627
1603308
1866537
1182797
378246
9684978
2186151
9642953
1784681
5418892
8594563
629150
2114956
9370950
1433857
8401888
2463690
921008
3549081
3229506
2509856
3218561
2962466
2142475
5690308
5670836
1894644
1412303
9543938
1844805
1473775
2110977
7693911
4844222
144413
1770960
142845
1851775
4621591
9675534
482088
7929491
4430458
1765085
8542246
2598145
4551514
6220203
8251038
1485861
2317053
8939904
2732526
4766408
3204216
1913650
1725400
2360566
8341725
1138100
164785
2136881
1738796
7452815
4267999
4123937
9402422
1818015
1643243
3506847
2695881
1570832
868028
2398147
3831034
1793844
8323794
2942967
123095
9389721
9905241
1947069
9583828
6785587
1569837
1720421
1917820
2614093
1188821
1432630
2213977
9355746
4252868
3423839
4125366
3192807
8149222
1619907
512725
2630696
2256786
1253689
7552379
1927078
8253352
8868273
2613372
1458138
292716
5243567
1692281
4322022
1702175
1846690
6301837
2415361
6946632
1175074
6459441
3242735
2301455
7152370
1192454
1722246
7818408
2944368
1355166
2925022
2469891
3323903
8950846
2291326
9446049
1543721
693947
2487490
2503316
7163225
1345254
4736953
2468879
8826671
641043
5398448
2648813
3217083
2671658
4328178
2760434
990328
2125366
1953183
1113787
8448049
648326
4390290
1311485
5804753
3115418
7896534
1198152
1289346
122871
3679407
4207557
2503686
3148167
35632
1867830
5322156
4173044
1145639
1165894
4849956
5581095
1709248
6762705
2701477
6842010
1147036
8978124
1431646
1786215
1987366
9301254
5761976
1435146
1466356
1761338
4992723
418834
1761276
3582804
2229824
1542558
1659801
1390743
1663353
1877416
1546897
11417
6308680
2470312
8773010
7395211
1178950
3920980
2977846
3426070
2785444
2689166
3769101
7823914
2290915
3155054
4433869
2376669
567308
1745725
3531019
2452682
4661208
6494427
8964634
3159859
536386
2911552
1900430
2113126
9912364
2864847
1153035
7315544
4573197
5812341
2489791
1466935
8931163
4504726
6189643
6406911
117989
3913492
2645969
1842399
8748215
6636751
2559893
8986006
5366071
2458324
1139399
7238738
962906
6601583
21475
9170591
1713786
4290514
789989
1812012
1889674
1525282
9559393
2880282
7408869
2722497
3359168
1353867
3670730
1193585
1249184
6821953
1984814
2817325
3732531
7697617
7933687
3362923
1834876
1268635
1459584
2745122
2583190
7980588
1169337
5469899
1885566
2478648
1807181
3548934
684340
2191421
2843798
2926745
9852837
6341575
9200342
6647691
8540120
2181874
4682244
1320444
714003
1274737
7891337
938230
2472951
5512376
4597520
1923662
1632163
3730623
179088
2736913
1267321
9149825
5402630
1210806
114984
1550937
5256258
3439697
6414283
183560
4162497
1122187
2902956
9424843
7132203
1321349
6502835
3867316
1749480
4992279
1163509
1659466
2635988
1287133
5545061
2749603
4613349
3812403
3125599
9858277
1351595
7296088
7436312
6297480
4402686
4643012
2545921
1962260
3685782
7621128
6374228
2248399
5246621
1649733
7924650
2387626
5752141
1411761
6548621
1753623
3770266
7184656
2520387
9971846
1986878
6597272
4127840
1257389
2251074
3177224
1104314
3415105
3108181
135360
729282
4242728
5720561
2271989
3222944
245616
8789811
1593500
2238339
5342501
2604647
6884889
3588409
1807706
1861597
7519761
1247121
2828758
287204
2880776
310365
1642281
1580223
4670603
1570909
2766407
5387737
5391327
3319857
3521504
1428163
6925644
7886654
178930
2629586
162311
174146
530483
3559823
45774
8550514
4863788
298093
1277239
7513879
3825144
1808990
7411627
1475588
3184206
3768985
7231584
839220
2117880
3907249
2108529
5745927
595731
6296428
9180114
2936778
1298922
271271
712191
3431869
3665411
1132774
1955040
1250266
1268756
2906946
9971880
2561034
8771167
3296200
6293679
169824
3847011
5244305
1805306
1907791
1770218
526635
2773814
1487042
1183131
3635147
3364026
3153882
447836
2713032
4317173
539782
4610639
9467648
7358034
1344134
3497910
5137763
3600907
3653083
3508910
1596912
611767
2802603
1224676
1843738
6975491
1938018
2675766
1942739
3822332
3468223
6977241
7256742
420585
2654433
1773867
2566264
6978685
1245118
5173005
3122887
4196849
4440692
5549602
6945288
3161206
3925902
3520388
261654
4429462
2722355
6986668
2859693
1268397
1460973
1765930
2668985
1437136
3904628
3193354
5980076
3382306
1677439
6616929
3400002
4772563
5174860
3851468
4408539
5733986
5155812
4683446
3225150
7404354
7521111
3631734
8391426
1805859
6377621
2301933
3730973
1590575
5951326
8206311
181767
5336766
2513954
6133595
1692189
17048
4615704
81666
183499
1348055
1989795
8575197
6972814
2676242
3224525
5113564
192799
1848664
5409020
3687886
2642817
521057
8451705
3601959
6592401
24666
4845627
3481461
9904990
1184715
3926087
2172530
8620150
1863161
4402007
1937622
2412560
4837639
3178631
1824860
1819344
6277898
2964579
8428940
1812465
892643
8125975
6414020
7377693
1619141
1264328
3746557
4901464
2115208
1589685
4792489
3972431
276470
2330422
1580605
11047
7794990
5963184
6979336
2647666
2435737
2193944
5692499
1645401
1810296
559725
912012
2283722
5577775
1254914
9325172
4940399
1248708
4406360
2266203
2734719
7351088
6961066
7500098
3158262
5188006
295442
5736086
2603686
2230229
1551398
498812
2257506
1734812
693599
1801357
9812171
6679289
1906923
13797
3304029
3899957
1456324
3993055
1714051
2451387
2777343
7721487
4276240
431967
3820827
2339778
9656894
1584703
2327600
3396971
173530
7971178
1984969
1659543
3433381
6845638
4325633
2607972
387315
1576408
1721645
3784561
6719058
9358921
1976454
2950787
1766325
3556250
5206033
2302308
7741644
1897150
1994129
9593430
2598644
5847543
4242472
3402
2888697
6996484
3160815
9557929
1997756
139660
4441066
1185958
4956344
535732
3574218
1733231
2239057
1931295
2291312
3242630
1713373
2924275
1289370
890055
3256507
2904803
5543214
1525627
1460489
5351630
179432
4109994
4979489
3738385
4650146
858507
1786479
4949681
2651501
1691973
1307611
2786481
5490737
6722875
3955553
4213774
3473275
1444690
4974085
3928683
377779
2144607
83759
2716642
5730217
6892613
2414702
1160149
23760
3826620
999526
3848977
2753478
3981372
2553065
1851618
1805659
7280202
969545
7300096
324636
8301680
1966607
5881717
7348141
5789497
1220966
679158
7293218
2528631
8354266
6416549
7946712
1325889
3877925
529793
3825497
3673823
2715207
2557021
1533608
8968115
1716630
2120884
2740410
4910081
2152468
5247293
591389
1438906
4680421
9404123
2824038
4228107
4819633
3151017
2519631
236142
2800934
8402035
7857604
8144417
1360434
9138986
747269
1483288
9272500
1240282
1183669
74515
9568570
1980724
2556008
1742255
1256966
2139758
3268863
3875962
1910397
5592173
389831
4164939
1386583
1224625
6919754
5741083
1890563
1159789
1427922
1937070
1111067
5234637
1893748
5676758
4102661
7857568
4640088
2136071
749903
9451415
2530041
1620848
3249608
3699811
3640708
8541483
4698115
3918444
8266984
3175341
1876306
1999130
1212272
1537580
3948222
3372183
4986525
2103997
1195313
6410391
2939614
3737797
1833748
2265236
2812545
2295096
2894365
5270344
3878183
3562951
1834003
1899181
4626555
29931
5121717
1534120
9172017
7188778
7453077
7670646
4217113
117468
1699131
397744
759879
9113988
2582989
1800982
6206839
8167029
1974341
1876540
5231234
1659267
3968235
254803
3157060
3299470
112503
3213903
5189276
1509724
1698394
6534944
4187085
7723697
2259081
5826785
4873415
6869043
1314403
6607509
1542586
8683302
9279006
7426522
3299409
2668423
1875616
2684963
3661518
2695120
1286780
262674
6864678
2160329
8998431
161088
7285270
2560374
7113106
1724232
1478344
192075
2281327
6973177
2770201
2634266
5783890
7543139
3176774
1905790
1276506
5384032
2139218
4420098
4495239
1373591
1855377
4457504
1295133
2660012
4501582
7110596
3169002
18781
8991836
1699853
1870990
4742823
1556880
4719104
8871893
1724741
1219413
1469771
5426499
2934213
4541330
1153454
5575249
5750584
1566816
1716653
5971176
38364
7215576
9260469
8425480
7488459
1754731
9232437
6316747
1129517
1462677
1575453
3896765
2722000
6447491
3347143
8372524
5251018
1968376
1778139
358870
6145273
1267702
8331105
1905733
1225859
8815275
8495943
9648103
6594716
2843102
4337787
5711299
1868033
2212906
1445537
7614391
5664799
4559247
248524
9154570
4951780
1133820
4938109
4410085
726334
3566327
7974854
8147448
8644345
3825896
2744179
1246812
1576299
14080
3489295
1665456
1719431
3367426
8674231
2428941
1250374
2702046
4196283
8558259
5836865
8866962
3337781
3977086
1323041
1784247
3400494
1497549
2173064
113621
3858552
3440251
9729549
2948892
5355598
1738364
4764458
2628840
4574496
3383405
9591821
2964767
1509968
9849960
931441
9264295
6730669
2267127
1114283
2466286
1971120
2827018
1908576
4386358
3638075
136310
1797777
3591254
7834012
396033
9693923
146302
178251
1832227
78128
6320013
3402538
2756986
4375759
1918592
1565909
1649331
7795993
1587212
1882059
151972
1604247
1706824
3185328
1671259
2339646
8551607
111092
6539093
2920678
8210571
1350786
1824036
2617366
3107244
1772213
4316486
3379237
132334
2248929
518735
2793351
4408244
512190
1849561
1848816
2552626
2771862
7125864
1775784
9933466
3331115
1444821
1534865
8353452
1963347
1914797
9831066
275060
9581750
761491
2906126
2907390
5115523
5810155
5796734
4962082
9343999
1850963
7547613
1315436
4543063
8587943
8113652
112552
2924518
1743874
7145465
1689772
4372731
1288352
8545444
478465
7129679
2471075
2398607
1393551
1646503
2729872
7361041
1563144
2709732
9350861
5144538
462918
7544526
9540149
1464155
5409654
3343032
6286355
1543185
4541002
1609989
2509554
2749372
1465569
7163544
2805432
1723467
1157936
1380173
1138387
1751879
2899383
1857583
5604880
3394438
4919468
1867370
2408251
1511171
4618413
4493091
115449
2307897
3683506
1976355
467651
1391065
7258754
5146748
1553430
4781685
1794490
1652220
16779
2290701
142056
3185883
5131235
9906648
8214996
8384320
1187287
2961954
9538549
1498416
1956835
1299922
6375651
178762
4308667
1538627
9664504
1830158
1603611
6938491
3494646
9590875
2261638
425595
5647612
7462575
4673912
4948695
1981017
5606144
1328327
9631985
9826514
5536858
7714910
2352404
5730017
5635364
6587901
5806266
1997175
9213379
297308
4374991
111490
1958583
2871637
6634669
3733004
1190601
1903465
5427593
7223696
2314849
51347
891033
8642179
6239598
1155836
9610752
9354645
4685249
6209178
2716315
1195624
7191536
2800514
1408654
7529552
5161840
1931142
1661932
2147740
1815162
2498551
5984358
3703026
31278
3204250
1626728
1736290
6392396
633016
5508059
2355874
7735784
7679825
6747338
3186097
2232082
2705717
2984336
1513400
4414718
8855465
1395466
2424848
1260589
8741441
7761189
1124517
4816470
3360596
1692011
6242176
785659
5962442
3379337
2929912
5956383
7463992
3793409
8694580
2650523
4465444
2796598
1925609
380048
1142216
1406599
7548049
3343370
1579126
1133859
1614148
9678650
1226083
6241335
4792351
5457421
4165203
473847
3648755
421899
1499279
3143341
2437477
6672755
6623931
4448358
7168745
5182766
863828
2243898
5341525
8588751
3108888
9373435
2956333
1647967
5520781
1933398
3313311
1461033
6589820
4428841
6475046
4986560
1838407
1654353
2248253
1708467
3201717
5615548
5879595
8947477
1938417
4899760
6942889
3241254
1919057
7686460
1859513
2681213
7520108
1527724
9975030
3421088
1639421
1399922
2724035
7389357
5700853
4617220
3390452
6137945
5179698
6930406
3239470
9446425
2353210
3632321
169024
4253545
4492281
336873
2821206
1783718
2399382
7599687
4643550
1679255
3323915
2621846
2913346
2731376
242482
1843140
7714419
1800169
3760730
6233069
1512341
6389985
3418350
457065
4221235
2533882
1169014
6749061
1549925
3200202
4419758
2173231
2794322
7204229
5631701
5400272
1978919
7590854
2120926
2403404
3881187
1856619
2696125
216563
4997118
5790928
4441600
3967653
4499519
330218
1924829
5834357
3953131
5343439
3604421
1781714
1887375
6971515
1186491
154816
1202597
1626305
6944471
2543681
2827284
2394931
3691545
2235586
1631471
2937935
8665289
2777202
85281
2372437
8257458
3381004
1363886
6624561
1415488
2185751
9185531
2547760
1574770
2221631
4401736
1627976
3630660
1609425
7465176
5467840
2974849
5525525
487968
1139794
4902583
1329693
275667
8500371
2121755
1905438
1461881
1629116
1630019
2166857
5342843
5523825
5127933
2716267
391759
9560149
1496058
1370436
1348272
1766972
1357982
2903604
1561566
1454589
2910351
1888128
1157056
8510844
650992
171012
3436544
9120059
1914934
1438892
1309791
6983081
5473767
8169137
5918792
7510768
3856435
2110218
9922622
2126180
9410059
3238052
1957331
8724783
4378670
2947196
691713
7444515
3834824
7188592
2296147
3556307
1314736
5500602
4786648
9363671
1309665
463367
1568398
5855611
5411942
7509906
2361331
815596
3324770
2428632
2715944
3201486
3235711
1991440
1493766
1753705
4476059
4730251
1239732
7738319
9849241
1659846
4661321
2228782
3713921
586123
7335325
8622991
6708160
464737
1116656
29619
1132665
7855102
2857067
1358448
2739526
1314949
595626
6145546
1795811
538274
5751945
1994986
2221339
5254888
3108960
3193852
4630297
9889036
1419618
2955016
5663699
378810
233058
3808458
3328177
1795255
3779063
5454397
5440992
2231330
2245760
6754658
222613
1652937
1137549
6444011
2378093
1810212
4305482
2586443
1799978
1963381
1804915
1850165
4536796
5882476
391229
6772540
1893338
2816102
776833
2243609
9411317
1133493
2861052
4739407
5461778
1256490
9366730
3728031
3796053
1159024
2893632
5890889
6242218
4267085
1200507
9642609
1851207
4832222
1995386
1753821
7439483
1257703
3116651
1328893
6964339
6296997
5103338
665619
5253672
2114695
1188954
5490921
2150907
9866917
2356695
5276657
4839578
1449972
7316725
3388699
160126
1435506
1113506
3475609
5581839
6523670
1444036
4301135
1232185
4262525
2622752
6322631
684318
2878099
3703797
2279690
4966340
7919772
1271376
7295825
1112922
6923684
2356257
3151709
333788
4687110
6824723
2539518
2934772
6251229
4290901
35465
1736204
368526
2624172
3193022
2810509
778552
1948392
49134
2604118
1202798
1207057
1304238
1938740
1865167
2500170
2123771
5236937
8478577
1482996
4146778
1821868
1189187
6762083
4969165
1466940
1768193
1903042
3290281
2709648
1170274
6129407
1231913
8466523
6312210
2339818
7127279
1676109
1377810
2339745
1754654
4483930
2175273
9960415
6632287
1578084
9686901
4791285
5154507
1840567
4712739
4183252
6627668
5236695
1491830
3757345
127104
2232039
7529477
8758862
2430449
5955108
2407214
1656226
532036
3996778
1445282
2773431
2463830
1434262
7812182
1333887
4433263
4869170
8495303
5910275
1866263
3703922
3893139
1155864
3207188
115852
1938874
521038
1858022
5616730
2768038
3909817
1898221
2743677
8234246
6813070
1458271
1413689
4844429
1551696
334909
781529
8534132
115884
1216511
2329786
152635
2734963
5243791
721490
1123656
1645145
7434972
2423590
1879274
3241204
1672453
7596630
4402382
3433430
9494665
1422799
2542432
8391348
4290748
5911080
1161417
2677610
1421690
5165566
1191511
1239792
1401299
2851613
2989157
6446536
3378869
3900340
8900736
5788301
5563574
