9898
3103
9061
9717
7276
9923
332
3036
7401
9788
5184
3165
9945
811
7993
7068
8136
6391
2568
6544
1546
8577
7217
795
2883
1767
4751
5763
3512
3227
9503
7556
3756
2648
6326
6701
2726
1172
1127
9962
4461
3851
9990
2108
191
6900
6715
394
2631
3333
9703
2029
6781
3322
635
8591
107
3262
1767
3866
6604
5329
1799
4071
2358
8021
9587
7343
6581
8057
432
8035
881
4939
8154
9852
1605
7823
2533
1507
5071
4634
4211
8537
2465
1550
8196
8205
9567
5093
3861
3071
4600
5718
7201
8906
5613
2457
511
383
8808
3476
3665
352
6329
6337
3407
1110
970
5491
6185
5560
3509
3317
4722
5031
6929
4118
8087
7904
7099
2936
9924
8979
5069
7164
2678
7322
5132
4417
8628
4847
2310
7778
1606
4751
5953
8150
7791
8668
4028
3362
4587
8783
3590
1400
7421
2712
6668
7566
6385
9499
8079
4555
393
3349
3389
4586
6267
3158
3111
2531
7791
7238
9762
5630
7911
4589
5795
2127
2919
9755
7893
2462
9303
4287
9631
8125
6720
3497
8236
5314
4433
5286
2001
5699
4789
5575
6030
1724
3272
9650
386
9875
2467
3928
2011
2339
4970
7000
6022
2059
1840
8412
9991
1464
1612
2602
2629
1435
4402
7652
9535
3961
432
5353
7004
4328
6465
6760
139
4068
3710
6603
8626
2517
5554
8756
1308
685
5508
1566
2056
1644
3613
2303
704
1645
4444
7711
3837
8907
1403
9176
4702
6448
3253
3268
1633
5756
1129
7665
3956
8486
8487
5343
8107
7744
5873
7691
4237
9414
3480
3926
3211
2418
5553
9129
1201
981
4968
3187
3165
2370
1867
8998
4220
513
6465
7333
9658
9075
6166
3581
5193
5337
1721
5984
4151
5473
2064
1523
8995
4342
1066
9689
9950
9387
9525
7869
559
7566
5613
4881
3130
9081
2385
4066
2305
4790
231
7470
6514
3834
1254
4808
5738
3528
4151
5480
1133
4996
4961
4289
6800
3274
4790
9260
6044
7936
1689
4282
6963
5711
3897
914
9091
5223
5572
1560
8401
428
6688
9681
8823
1744
425
226
8276
3447
2671
7858
9365
2001
9711
6206
9215
4029
7674
7751
258
2766
1819
1662
6341
4758
2468
5778
7070
8444
7243
6433
3732
8868
241
3670
6257
5615
4980
8879
8031
4439
1754
5836
8616
9700
2294
6619
6832
7539
5090
4153
6538
7049
2441
2521
8511
2528
3631
1642
9346
6036
5788
7955
6659
8513
6202
7243
8757
6047
4812
8886
6767
4612
1773
4571
1307
5095
6068
5148
621
1346
8421
8506
9749
1819
9576
2272
2024
3432
6913
2020
2783
9242
9184
8812
8468
1421
5223
1938
9042
3071
9019
8032
6712
6138
5748
5043
49
5164
5288
1999
6572
300
452
6836
943
3419
4312
1723
8270
7452
6883
3167
7679
3459
1253
7368
3296
8682
8620
2195
9263
1015
9120
405
348
6624
4272
7753
8475
6053
6442
7642
9244
2539
8892
1780
2826
7978
5246
1399
757
4987
7408
9359
4967
662
7457
1603
4780
9504
8065
9715
5568
2863
6639
8481
9434
1367
9404
4696
5004
8927
1255
2334
363
5002
1140
5445
1786
5002
1372
8984
2630
548
3035
1787
1346
7156
6636
1233
2569
959
2605
7744
9852
8669
4967
6470
7992
1125
6271
4861
3396
6513
5941
8350
3423
5755
2329
32
5000
4818
7059
8935
9174
5636
7139
2042
236
398
4126
5243
9162
2977
1919
8114
7851
1867
3055
9218
7378
5246
146
9187
400
8557
2175
6574
5030
4595
5202
6043
7133
2530
8349
4757
110
7663
4059
1898
6134
1015
4907
5750
2402
6382
9799
2086
9533
2051
6069
7735
7646
5583
542
9338
1407
3258
5646
4196
5921
6969
4752
1943
2262
342
6316
2305
928
5848
7074
7920
408
1769
1610
2401
2227
6308
5871
3341
1920
9327
2564
5113
8747
8816
4538
4320
8372
6525
8210
7533
3997
2658
8137
1760
7838
9328
94
6693
5625
5647
3918
2116
5794
9125
2115
7805
9934
6396
8638
9921
9808
8195
6197
4285
41
1164
2086
4596
7151
7294
8939
6662
4385
2458
8866
1601
6364
1930
7849
7358
216
5862
5001
3632
155
9703
525
3380
474
3233
8359
6858
2095
7245
6125
693
4724
4256
984
2833
4135
3576
499
1355
1773
418
4111
9324
5040
7259
8381
2957
1299
6688
3816
5810
7862
5946
730
764
2964
1485
4626
2236
5720
1108
7216
6950
5593
9776
9275
7420
4411
5988
4588
3756
4583
6884
3646
2120
1805
6276
7722
6057
2447
2843
67
4857
225
5551
8565
2696
3831
5213
9412
7508
4608
9620
6096
2080
3092
1909
3097
9166
3890
6085
6564
8470
7036
2125
8965
6710
1010
9016
3271
931
6329
3133
2466
452
9163
8735
2294
8356
4795
3348
6743
3998
5934
2455
2299
3047
316
305
8181
6958
4888
1590
7315
3609
6415
9366
575
3981
620
1747
8014
8123
8457
3389
4518
8218
262
2505
9270
3647
6555
3854
6637
2064
5017
9222
3573
6122
146
3483
1854
8561
9640
7574
6414
2037
3798
5285
6170
3795
7046
2693
4272
8553
9560
5270
3945
650
7194
3770
7100
8772
8437
1645
3320
7539
806
6932
1261
9042
3340
9423
7353
5703
7183
903
3592
1776
1259
4436
6184
5391
3911
1084
4233
5121
4109
5654
7281
1199
4942
3802
4393
5509
5742
9297
435
3064
2404
8899
1679
2599
857
4829
2904
4093
3344
3351
9483
8811
2302
5529
3310
4162
9620
1597
9500
6456
6649
396
8361
4080
9153
7489
7382
3262
2293
7667
7948
5723
2520
6930
7661
9532
9162
9617
2706
5070
6088
1354
3622
4817
9998
8540
3231
3332
4990
2534
4978
2354
3748
3736
6020
9773
3444
5453
3093
95
5779
6196
3166
2154
312
6032
8244
