9097
3903
9687
1704
345
3750
244
9127
548
6648
6718
7864
1585
762
5570
9519
8880
483
9950
8616
9900
2119
2323
4618
2790
2237
3540
4388
4397
4186
610
1533
988
9319
5365
2379
33
7842
5079
1705
6656
6302
3934
3740
6359
1822
743
62
1538
2016
3838
4399
3649
2426
2793
955
1574
7304
2571
4666
3556
7412
7112
8733
6042
8689
5793
25
622
1164
766
8140
9755
777
6816
5578
4645
2815
5447
9215
8123
8195
4620
9603
623
8492
5894
4985
8545
9228
5226
8639
6005
3594
1715
5960
7510
9040
6369
2114
2322
237
1311
7045
8848
7654
2924
6259
9980
3783
3958
302
5595
8477
4005
6007
8227
4170
88
436
1930
7473
874
4886
1571
8094
1927
5704
7620
279
2313
8787
3890
1746
9204
772
5757
8864
9969
2074
6435
9010
5913
8325
9193
7742
9866
9901
4526
5691
3055
840
8979
7012
9106
7422
9983
1900
3107
8829
5180
6376
11
6506
4361
2660
11
5518
2278
5286
8280
4361
9819
7338
1435
4325
819
9019
6631
2151
8824
9101
1646
1044
275
6292
4407
6751
2704
6982
5832
657
4406
989
4404
6177
3820
431
8007
4759
9620
4049
1517
5463
862
5954
6310
8460
6525
6736
3360
7412
1300
6608
877
4812
3722
3924
6900
4485
6204
9787
4059
2815
1452
6662
7250
6876
4621
8448
425
3400
9781
5266
575
3503
6898
4844
6733
9592
9538
3147
7044
2066
8669
5023
8694
6746
5615
4842
5421
8733
2964
4339
2526
7871
2580
5015
1230
9582
6763
4546
914
4413
2835
1125
1617
4743
6275
2229
7693
4377
9401
8078
7603
6437
7130
452
4759
8528
6218
1563
4610
9284
4926
5082
9130
9066
533
7878
6993
8867
1602
2024
8858
818
9146
8790
5073
1510
4244
225
9398
9535
6909
1698
7019
6922
7974
7148
8153
9144
8486
5834
6803
7914
1376
3930
3201
3132
6343
7366
1481
6100
3372
945
4624
5058
3973
1183
3349
2074
3341
6353
937
2238
1993
7452
486
972
6654
9695
6560
6438
7104
6552
9520
2672
1690
4759
2427
9697
7486
4612
5084
9344
9787
670
5567
8681
2380
864
265
6910
1130
3617
7876
5028
7232
6720
7669
9186
3537
303
4974
7644
1323
8298
5295
1032
3624
5398
3058
5838
6854
9247
1935
6585
6037
1256
7344
401
5499
1742
6355
8596
4414
68
3921
2180
5498
5257
4067
1852
1424
2996
2119
9491
9809
668
5541
9755
8397
4970
7948
8694
7862
3072
6774
3959
4841
7427
1047
6827
6731
6904
6555
8618
3071
3854
8828
6971
8913
4586
356
8750
8924
1534
7479
3828
1809
1588
3731
6651
5694
6994
3341
6538
4226
5188
5635
1016
8574
4556
2090
3503
2600
7081
2831
9358
4452
8751
2991
1052
9064
7403
5814
853
662
6841
1497
8607
3536
5261
4515
7779
5723
8237
9182
8207
9658
1737
3441
8473
1024
3414
4269
3410
9020
7884
8156
3012
8448
8336
4342
2760
8340
9440
5578
8128
7821
9890
317
675
5483
706
5068
862
7414
8827
6312
7153
2437
6156
9724
4739
2637
1248
683
3541
5493
9355
7092
3499
5890
5568
7826
2949
154
7298
9534
861
7603
6343
4112
4949
9874
8612
3652
4655
5804
2145
4825
7220
8217
7136
2069
670
3099
1817
288
5102
8345
7365
318
5242
5742
5539
3626
1841
8248
4984
431
4448
3551
470
5866
5303
6830
9681
4490
1705
907
3408
4180
8226
4498
1038
9317
4519
9881
2282
7060
3659
8144
7237
4158
6333
1643
2962
6827
2102
1941
9464
6377
3264
5458
6006
7322
6930
2877
6979
661
9776
4887
1905
5759
2377
5493
1378
4383
8090
7821
4762
6336
6885
7054
1923
8350
2571
8261
9870
7926
5580
8950
527
8821
2951
7347
7109
31
2454
7404
4081
1622
5300
2315
9922
9939
7221
7614
8285
5139
7931
9143
5957
4091
65
7372
729
3366
4132
4488
3747
8158
4764
3496
602
5294
4625
9084
1374
2439
5971
5912
3947
1231
4444
2302
3692
7521
2872
8294
4161
6582
8063
1690
7712
8735
8331
2810
9053
1029
583
2824
8854
2216
868
2950
642
5402
3943
6142
3223
1066
1965
4483
8625
1050
7986
8760
357
2534
3647
5188
9204
7322
196
2327
3955
6944
6473
3579
4124
2874
6651
5028
6009
1618
9044
5856
4008
3718
1388
7983
9536
7264
9319
3916
9633
7616
7684
5517
7600
1827
9196
508
4680
231
5698
1923
7283
6846
5721
9302
4277
6790
1260
6529
804
2116
2255
6057
2849
4855
5036
1071
2953
9868
4106
7842
9698
2021
110
9264
1205
1955
6289
309
3495
8377
4574
3173
7673
3683
7333
244
1107
7466
8586
4614
2642
4846
3300
8402
5017
3334
2684
5875
143
4680
3050
5954
8296
408
9671
4497
9774
2831
3570
4961
4195
890
5636
3901
5852
8406
4221
1652
2685
8873
8208
3414
1919
5907
1031
5054
4377
9184
9721
6698
4214
3980
1333
3120
9987
9552
7595
2982
8248
4816
7937
1773
9607
141
6288
3748
52
4369
8235
8191
5543
8211
3741
8694
5941
8168
1816
2458
6014
2799
8641
7656
907
6961
4350
6735
4031
3208
9381
6093
6687
5739
67
9939
5250
5329
7228
110
9710
2078
4296
420
9586
3489
8174
8698
6679
1116
200
6511
7474
4185
7040
7485
5543
1180
3661
924
6042
8722
9629
1111
7164
6921
2334
6023
5372
5355
6666
4770
3607
4620
3435
3019
6527
9751
1873
298
9926
6389
8104
3637
3462
5789
8254
5318
3084
9128
6526
1875
4391
1445
6829
984
7836
6072
5851
3842
4170
291
8329
9495
3680
4041
4200
1230
2586
8697
4998
4269
8197
7462
2425
2373
7944
4292
2659
9361
2690
9972
6465
7368
122
291
3857
284
7185
8375
5029
3274
8875
5913
2066
3360
1757
8003
5114
6776
398
7851
7160
3204
5471
241
4328
955
3523
8931
7542
7248
8392
3123
592
9177
4630
1252
8767
2749
3681
7826
5373
4783
3618
5478
1058
7563
366
1686
4038
2539
9520
3721
6021
9511
2887
9637
3890
2026
